0 0.6435298221137077 0.5739448901290548 0.09975584234391349 0.07987443320544123
0 0.6187652598535054 0.6037670038367632 0.06278339727938612 0.0572026508545518
0 0.5422043948378096 0.5223229856993373 0.067317753749564 0.07778165329612835
0 0.502441576560865 0.49843041506801533 0.028950122078828043 0.025810952214858737
0 0.49912800837111965 0.5727241018486222 0.029298918730380187 0.02999651203348448
0 0.4387861876525985 0.6238228113010115 0.0788280432507848 0.05266829438437391
0 0.3880362748517614 0.6023718172305546 0.0394140216253924 0.03767003836763167
0 0.3923962329961632 0.5732472968259504 0.04046041158004883 0.0394140216253924
0 0.3074642483432159 0.46285315660969656 0.0463899546564353 0.04325078479246599
0 0.3500174398325776 0.4635507499128008 0.02267178235088943 0.025113358911754445
0 0.28496686431810253 0.5777816532961283 0.03139169863969306 0.02825252877572375
0 0.5728985001743984 0.3634461109173352 0.027554935472619464 0.03139169863969306
0 0.7159051273107778 0.449598883850715 0.027554935472619464 0.0286013254272759
0 0.7289850017439833 0.5643529822113708 0.02999651203348448 0.027903732124171608
0 0.17370073247296824 0.4478549005929543 0.03139169863969306 0.02999651203348448
0 0.7544471573072898 0.459190791768399 0.026508545517963028 0.02267178235088943
0 0.8310080223229857 0.5099407045692361 0.05057551447506104 0.03069410533658877
0 0.7652598535054064 0.4150680153470527 0.025113358911754445 0.020230205790024415
