0 0.619060475161987 0.31794507575757575 0.05021598272138229 0.08380681818181819
0 0.5278077753779697 0.29734848484848486 0.046976241900647954 0.07954545454545454
0 0.4554535637149028 0.46519886363636365 0.09503239740820735 0.15388257575757577
0 0.4010529157667387 0.546875 0.04130669546436285 0.07196969696969698
0 0.34665226781857456 0.7575757575757576 0.0458963282937365 0.08806818181818182
0 0.25931425485961124 0.7303503787878788 0.06398488120950324 0.11884469696969698
0 0.3578563714902808 0.36245265151515155 0.1573974082073434 0.2637310606060606
0 0.5476511879049676 0.4022253787878788 0.04940604751619871 0.08285984848484848
0 0.5646598272138229 0.5561079545454546 0.06344492440604751 0.12357954545454546
0 0.49001079913606915 0.6716382575757576 0.046976241900647954 0.08759469696969698
0 0.613390928725702 0.6986268939393939 0.09287257019438445 0.16808712121212122
0 0.5423866090712743 0.6763731060606061 0.03347732181425486 0.06013257575757576
0 0.8399028077753781 0.3416193181818182 0.038876889848812095 0.061079545454545456
0 0.8305885529157668 0.3953598484848485 0.07370410367170627 0.09659090909090909
0 0.7296166306695465 0.5089962121212122 0.23083153347732183 0.34090909090909094
