0 0.7546992481203008 0.42042606516290726 0.044486215538847115 0.046992481203007516
0 0.643640350877193 0.4049185463659148 0.042293233082706765 0.046679197994987466
0 0.4381265664160401 0.4489348370927318 0.08865914786967419 0.09335839598997493
0 0.36278195488721804 0.48527568922305764 0.03822055137844611 0.03696741854636591
0 0.299968671679198 0.5526315789473684 0.040413533834586464 0.043859649122807015
0 0.4326441102756892 0.5784774436090225 0.041979949874686714 0.042919799498746865
0 0.49028822055137844 0.5972744360902256 0.03007518796992481 0.03289473684210526
0 0.5640664160401002 0.6356516290726817 0.08427318295739347 0.09523809523809523
0 0.3607456140350877 0.34727443609022557 0.1444235588972431 0.1394110275689223
0 0.8862781954887218 0.4857456140350877 0.03696741854636591 0.03540100250626566
0 0.8696741854636592 0.5205200501253132 0.07393483709273183 0.05795739348370927
0 0.7296365914786967 0.5590538847117794 0.23182957393483708 0.1782581453634085
