0 0.6550954120990662 0.3139723801787165 0.18798213560698335 0.17709179528838342
0 0.21559074299634592 0.6401299756295694 0.35972391392610636 0.2404549147034931
0 0.42082825822168085 0.6909017059301381 0.13276492082825822 0.13160032493907392
0 0.3313032886723508 0.4382615759545085 0.05765326837190418 0.05848903330625507
0 0.573487616727568 0.44212022745735174 0.11408850994721884 0.10844841592201462
0 0.6648396264717824 0.46283509341998375 0.05075111652456354 0.04589764419171405
0 0.5818107998375964 0.587327376116978 0.06983353633779943 0.05848903330625507
0 0.028623629719853837 0.5942323314378554 0.05481120584652862 0.04305442729488221
0 0.05115712545676005 0.6291632818846467 0.1023142509135201 0.06986190089358245
0 0.5075111652456354 0.624289195775792 0.05278116118554608 0.0446791226645004
