0 0.7880952380952382 0.5964285714285715 0.09761904761904763 0.06666666666666668
0 0.7202380952380953 0.5738095238095239 0.04642857142857143 0.034523809523809526
0 0.5690476190476191 0.5696428571428572 0.03928571428571429 0.03333333333333334
0 0.46458333333333335 0.5425595238095239 0.05535714285714286 0.042261904761904764
0 0.4092261904761905 0.46547619047619054 0.039880952380952385 0.036904761904761905
0 0.343452380952381 0.37886904761904766 0.04404761904761905 0.03273809523809524
0 0.1068452380952381 0.47648809523809527 0.04345238095238096 0.03511904761904762
0 0.6285714285714287 0.6663690476190477 0.03214285714285715 0.024404761904761908
0 0.699702380952381 0.49196428571428574 0.042261904761904764 0.03392857142857143
0 0.5151785714285715 0.4892857142857143 0.1267857142857143 0.10952380952380954
