2 0.6315068493150685 0.3073059360730594 0.16894977168949774 0.15981735159817353
2 0.5208523592085237 0.3611872146118722 0.07853881278538813 0.09893455098934552
2 0.4167427701674277 0.3261796042617961 0.18691019786910198 0.17016742770167428
2 0.23074581430745816 0.4053272450532725 0.2691019786910198 0.19573820395738206
2 0.15814307458143076 0.5388127853881279 0.1908675799086758 0.22465753424657536
2 0.4671232876712329 0.5593607305936074 0.1969558599695586 0.19756468797564689
2 0.5796042617960426 0.4898021308980213 0.06879756468797565 0.07975646879756469
2 0.710806697108067 0.4768645357686454 0.17534246575342466 0.17077625570776256
2 0.8471841704718418 0.4444444444444445 0.08828006088280062 0.07305936073059362
2 0.9421613394216135 0.3963470319634704 0.06149162861491629 0.07001522070015222
2 0.8115677321156773 0.23835616438356166 0.056621004566210054 0.047488584474885846
