0 0.603536717062635 0.4159564393939394 0.042926565874730024 0.06202651515151515
0 0.5175485961123111 0.38328598484848486 0.03995680345572354 0.054450757575757576
0 0.4348002159827214 0.5033143939393939 0.0791036717062635 0.11268939393939394
0 0.3857991360691145 0.5551609848484849 0.035097192224622036 0.046875
0 0.3255939524838013 0.6882102272727273 0.04265658747300216 0.06297348484848485
0 0.24095572354211664 0.6515151515151515 0.05912526997840173 0.07765151515151515
0 0.36069114470842334 0.38304924242424243 0.13984881209503242 0.22537878787878787
0 0.525512958963283 0.47111742424242425 0.04184665226781858 0.06060606060606061
0 0.535097192224622 0.5894886363636364 0.05399568034557236 0.07954545454545454
0 0.4623380129589633 0.6555397727272727 0.04076673866090713 0.06013257575757576
0 0.5735691144708424 0.7211174242424243 0.08018358531317495 0.16003787878787878
0 0.509719222462203 0.6721117424242424 0.029157667386609073 0.05160984848484849
0 0.828158747300216 0.4940814393939394 0.03482721382289417 0.047821969696969696
0 0.8138498920086393 0.5340909090909091 0.06992440604751621 0.07386363636363637
0 0.6981641468682506 0.603219696969697 0.21490280777537799 0.26609848484848486
