0 0.8565476190476191 0.38125000000000003 0.1011904761904762 0.09464285714285715
0 0.7979166666666667 0.41994047619047625 0.06011904761904763 0.05535714285714286
0 0.55625 0.4264880952380953 0.08035714285714286 0.06845238095238096
0 0.4229166666666667 0.4827380952380953 0.06845238095238096 0.05714285714285715
0 0.3642857142857143 0.5818452380952381 0.04642857142857143 0.04345238095238096
0 0.3101190476190476 0.6851190476190476 0.05476190476190477 0.05
0 0.08392857142857144 0.5952380952380953 0.05833333333333334 0.06071428571428572
0 0.6101190476190477 0.2949404761904762 0.04761904761904762 0.039880952380952385
0 0.8026785714285715 0.5267857142857143 0.042261904761904764 0.045238095238095244
0 0.5354166666666668 0.5416666666666667 0.2779761904761905 0.23333333333333336
