0 0.8461779448621554 0.4205827067669173 0.07393483709273183 0.08427318295739347
0 0.7302631578947368 0.38095238095238093 0.07205513784461152 0.08333333333333333
0 0.46600877192982454 0.41165413533834583 0.1757518796992481 0.17794486215538846
0 0.34367167919799496 0.44689849624060146 0.07456140350877193 0.07174185463659147
0 0.22337092731829572 0.5321115288220551 0.06390977443609022 0.06986215538847118
0 0.3659147869674185 0.5963345864661653 0.07142857142857142 0.07550125313283207
0 0.4207393483709273 0.637844611528822 0.05576441102756892 0.06015037593984962
0 0.49279448621553884 0.6979949874686716 0.13721804511278196 0.15100250626566414
0 0.4055451127819549 0.2738095238095238 0.23590225563909772 0.2324561403508772
0 0.9431390977443609 0.5390037593984962 0.05607769423558897 0.06046365914786967
0 0.913220551378446 0.5795739348370927 0.11340852130325814 0.10463659147869674
0 0.7319862155388471 0.6177944862155388 0.3474310776942356 0.3364661654135338
