2 0.6872146118721462 0.6808219178082192 0.1768645357686454 0.14642313546423136
2 0.5392694063926942 0.6579908675799088 0.07275494672754948 0.10441400304414004
2 0.428158295281583 0.7278538812785389 0.19756468797564689 0.16012176560121766
2 0.1923896499238965 0.6872146118721462 0.28858447488584477 0.169558599695586
2 0.07914764079147642 0.5525114155251142 0.15829528158295283 0.23744292237442924
2 0.4091324200913242 0.4222222222222223 0.1984779299847793 0.18203957382039576
2 0.5709284627092847 0.48325722983257235 0.06666666666666667 0.08188736681887368
2 0.7165905631659057 0.4657534246575343 0.14916286149162863 0.1680365296803653
2 0.8587519025875191 0.45920852359208525 0.07305936073059362 0.06666666666666667
2 0.9624048706240488 0.48493150684931513 0.04657534246575343 0.07062404870624049
2 0.8998477929984781 0.7079147640791477 0.044444444444444446 0.04353120243531203
