0 0.6191140565050576 0.49843041506801533 0.11928845483083363 0.10254621555633066
0 0.6013254272758981 0.45500523194977327 0.0774328566445762 0.07220090687129403
0 0.5231949773282176 0.5054063480990583 0.08580397628182769 0.08998953610045343
0 0.4853505406348099 0.5139518660620858 0.031042901988140914 0.0317404952912452
0 0.49511684687826996 0.43739100104638995 0.0324380885943495 0.0355772584583188
0 0.46634112312521797 0.36885245901639346 0.06278339727938612 0.05755144750610394
0 0.425531914893617 0.37408440878967564 0.03418207185211022 0.044994768050226716
0 0.4166376002790373 0.4091384722706662 0.03732124171607953 0.050924311126613185
0 0.3264736658528078 0.5052319497732821 0.05022671782350889 0.05266829438437391
0 0.35995814440181373 0.514475061039414 0.026508545517963028 0.02999651203348448
0 0.34844785490059293 0.36937565399372163 0.027206138821067316 0.0355772584583188
0 0.5083711196372515 0.6649808161841646 0.026857342169515172 0.026857342169515172
0 0.6450994070456924 0.6681199860481339 0.026857342169515172 0.028950122078828043
0 0.6906173700732473 0.5514475061039414 0.03487966515521451 0.03767003836763167
0 0.22183467038716428 0.48901290547610743 0.02999651203348448 0.03836763167073596
0 0.6766655040111614 0.6792814788978025 0.025113358911754445 0.021974189047785142
0 0.749912800837112 0.6696895709801186 0.05022671782350889 0.04534356470177886
0 0.6663760027903732 0.7106731775374956 0.02336937565399372 0.01848622253226369
