0 0.24259033698741372 0.4047522339561332 0.20259845716605765 0.18968318440292445
0 0.7632967925294356 0.5109666937449228 0.3174989849776695 0.25995125913891143
0 0.6067803491676816 0.6525182778229082 0.12870483150629314 0.13606823720552397
0 0.5976451481932602 0.36108854589764416 0.06333739342265529 0.06417546709991877
0 0.38022736500203 0.48151909017059297 0.12464474218432806 0.11982128350934199
0 0.3118148599269184 0.5428513403736799 0.055217214778725134 0.05158407798537774
0 0.43280552172147785 0.6257108042242079 0.06090133982947625 0.06133225020308692
0 0.9175801867641088 0.3753046303818034 0.04790905399918798 0.0463038180341186
0 0.9092570036540804 0.4209991876523152 0.09703613479496549 0.07595450852965069
0 0.5064961429151441 0.6295694557270511 0.04587900933820544 0.0471161657189277
