0 0.6186555075593952 0.3759469696969697 0.034287257019438445 0.06534090909090909
0 0.5437365010799137 0.32078598484848486 0.032397408207343416 0.05539772727272727
0 0.4635529157667387 0.4401041666666667 0.066414686825054 0.11600378787878789
0 0.4084773218142549 0.49076704545454547 0.03131749460043197 0.05160984848484849
0 0.32964362850971923 0.6472537878787878 0.03455723542116631 0.06912878787878789
0 0.25904427645788336 0.5857007575757576 0.04940604751619871 0.08712121212121213
0 0.39470842332613393 0.3143939393939394 0.1144708423326134 0.18371212121212122
0 0.5499460043196545 0.42305871212121215 0.03347732181425486 0.06392045454545454
0 0.5477861771058316 0.5667613636363636 0.0480561555075594 0.09185606060606061
0 0.4658477321814255 0.634469696969697 0.03590712742980562 0.06723484848484848
0 0.5704643628509719 0.7142518939393939 0.07235421166306696 0.13399621212121213
0 0.5105291576673866 0.6609848484848485 0.025377969762419007 0.048295454545454544
0 0.8092602591792657 0.49337121212121215 0.02726781857451404 0.04640151515151515
0 0.7971112311015119 0.5388257575757576 0.05588552915766739 0.06628787878787878
0 0.6942494600431965 0.5963541666666666 0.1779157667386609 0.24100378787878787
