0 0.2697929354445798 0.6110885458976442 0.19204222492894843 0.19049553208773354
0 0.7829882257409663 0.4878147847278635 0.3317092976045473 0.2713241267262388
0 0.6270807957775071 0.35418359057676685 0.13763702801461633 0.1421608448415922
0 0.6106374340235485 0.642770105605199 0.06496142915144133 0.0678310316815597
0 0.39788875355257813 0.5292445166531276 0.11774259033698742 0.12022745735174654
0 0.33150629313844904 0.46689683184402925 0.05237515225334957 0.05158407798537774
0 0.4508729192042225 0.38363119415109664 0.06049533089727974 0.06133225020308692
0 0.9342265529841657 0.6123070674248579 0.05115712545676005 0.048334687246141345
0 0.9283394234673162 0.5690495532087734 0.10109622411693057 0.07961007311129163
0 0.522330491270808 0.37956945572705114 0.04587900933820544 0.04752233956133225
