0 0.19017857142857145 0.42380952380952386 0.10892857142857144 0.0880952380952381
0 0.27142857142857146 0.4502976190476191 0.05238095238095239 0.04583333333333334
0 0.43988095238095243 0.44136904761904766 0.04285714285714286 0.044642857142857144
0 0.5625 0.47053571428571433 0.06071428571428572 0.056547619047619055
0 0.6315476190476191 0.5839285714285715 0.04642857142857143 0.05833333333333334
0 0.7083333333333334 0.7139880952380953 0.05238095238095239 0.04107142857142858
0 0.967857142857143 0.5252976190476191 0.048809523809523817 0.04583333333333334
0 0.35148809523809527 0.30565476190476193 0.03511904761904762 0.03273809523809524
0 0.30386904761904765 0.5842261904761905 0.04702380952380953 0.05297619047619048
0 0.512202380952381 0.5619047619047619 0.1410714285714286 0.1654761904761905
