2 0.6372907153729072 0.6689497716894978 0.14764079147640793 0.11841704718417048
2 0.530441400304414 0.6255707762557078 0.07031963470319635 0.09132420091324202
2 0.4340943683409437 0.6602739726027398 0.16012176560121766 0.13942161339421616
2 0.2654490106544901 0.5974124809741249 0.23135464231354644 0.16590563165905634
2 0.19589041095890414 0.47427701674277023 0.17077625570776256 0.22770167427701676
2 0.4715372907153729 0.4051750380517504 0.17290715372907156 0.17473363774733638
2 0.5768645357686454 0.48934550989345516 0.06514459665144597 0.08797564687975648
2 0.6797564687975648 0.5112633181126333 0.1406392694063927 0.16834094368340946
2 0.7762557077625571 0.5480974124809742 0.06392694063926942 0.05753424657534247
2 0.849771689497717 0.5820395738203958 0.04535768645357687 0.04992389649923897
2 0.7946727549467276 0.7141552511415525 0.039269406392694065 0.03287671232876713
