0 0.2953714981729598 0.41145410235580826 0.21234267153877384 0.19902518277822906
0 0.8130328867235079 0.5180747359870024 0.30572472594397077 0.2668562144597888
0 0.6494112870483151 0.6655158407798537 0.1368250101502233 0.13281884646628755
0 0.654892407632968 0.38200649878147847 0.07226958993097848 0.0678310316815597
0 0.43828664230613074 0.4967506092607636 0.12870483150629314 0.12185215272136474
0 0.36561104344295575 0.5588952071486596 0.056435241575314654 0.04955320877335499
0 0.47401542833942345 0.6411454102355808 0.06293138449045879 0.058895207148659624
0 0.9583840844498579 0.3761169780666125 0.047503045066991476 0.04955320877335499
0 0.9494518879415347 0.4266856214459789 0.10028420625253756 0.09057676685621445
0 0.547097036134795 0.6454102355808286 0.047503045066991476 0.045491470349309504
