2 0.773668188736682 0.64337899543379 0.1726027397260274 0.1512937595129376
2 0.6369863013698631 0.6675799086757992 0.07458143074581432 0.10045662100456622
2 0.5383561643835617 0.74779299847793 0.2030441400304414 0.16407914764079148
2 0.2899543378995434 0.7337899543378996 0.3126331811263318 0.22617960426179606
2 0.14231354642313548 0.6170471841704719 0.19147640791476409 0.2599695585996956
2 0.4729071537290716 0.4823439878234399 0.21095890410958906 0.2133942161339422
2 0.6372907153729072 0.5132420091324201 0.06788432267884323 0.07853881278538813
2 0.7567732115677321 0.4496194824961949 0.15098934550989346 0.1832572298325723
2 0.8789954337899544 0.40806697108066975 0.07397260273972603 0.08188736681887368
2 0.9736681887366819 0.4016742770167428 0.05022831050228311 0.07884322678843228
2 0.9633181126331812 0.6132420091324201 0.04474885844748859 0.04657534246575343
