0 0.6487580993520519 0.36837121212121215 0.04535637149028078 0.08428030303030304
0 0.5573704103671706 0.28290719696969696 0.0423866090712743 0.07339015151515152
0 0.44343952483801297 0.4306344696969697 0.08936285097192226 0.15009469696969696
0 0.36730561555075597 0.48934659090909094 0.040226781857451405 0.06202651515151515
0 0.2580993520518359 0.6642992424242424 0.04211663066954644 0.07954545454545454
0 0.17143628509719225 0.5807291666666666 0.05885529157667387 0.09801136363636363
0 0.3642008639308856 0.2540246212121212 0.1533477321814255 0.24479166666666669
0 0.5564254859611232 0.41903409090909094 0.044816414686825054 0.08238636363636363
0 0.543061555075594 0.6006155303030303 0.05912526997840173 0.10653409090909091
0 0.43412526997840173 0.6687973484848485 0.0458963282937365 0.0790719696969697
0 0.5596652267818575 0.7890625 0.09071274298056156 0.1737689393939394
0 0.4898758099352052 0.7080965909090909 0.033207343412527 0.06013257575757576
0 0.8899838012958964 0.5508996212121212 0.03644708423326134 0.05823863636363637
0 0.8709503239740821 0.6081912878787878 0.07505399568034558 0.08191287878787878
0 0.728671706263499 0.6621685606060607 0.2359611231101512 0.29214015151515155
