0 0.1705357142857143 0.5267857142857143 0.10773809523809524 0.09404761904761906
0 0.2592261904761905 0.543452380952381 0.05178571428571429 0.05
0 0.43214285714285716 0.49940476190476196 0.04166666666666667 0.05
0 0.562202380952381 0.5071428571428572 0.056547619047619055 0.051190476190476196
0 0.6476190476190476 0.59375 0.03928571428571429 0.044642857142857144
0 0.7443452380952381 0.6883928571428573 0.04702380952380953 0.03630952380952381
0 0.9800595238095239 0.4708333333333334 0.03869047619047619 0.04047619047619048
0 0.31875000000000003 0.34761904761904766 0.03511904761904762 0.03571428571428572
0 0.3151785714285715 0.6610119047619049 0.042261904761904764 0.039880952380952385
0 0.5232142857142857 0.5979166666666668 0.12619047619047621 0.1279761904761905
