0 0.24812030075187969 0.5341478696741855 0.04887218045112782 0.05137844611528822
0 0.3474310776942356 0.5800438596491228 0.05075187969924812 0.05294486215538847
0 0.5422932330827067 0.5905388471177945 0.09586466165413533 0.09962406015037593
0 0.6162280701754386 0.5734649122807017 0.040100250626566414 0.041666666666666664
0 0.6909461152882205 0.5115914786967418 0.047932330827067667 0.05388471177944862
0 0.5755012531328321 0.4608395989974937 0.046365914786967416 0.05200501253132832
0 0.5289786967418546 0.42872807017543857 0.03352130325814536 0.039160401002506263
0 0.47243107769423553 0.37124060150375937 0.09586466165413533 0.11215538847117794
0 0.5949248120300752 0.7017543859649122 0.15914786967418545 0.15789473684210525
0 0.15209899749373432 0.4324874686716792 0.039786967418546364 0.03853383458646616
0 0.17481203007518797 0.4050751879699248 0.07706766917293233 0.06265664160401002
0 0.30529448621553884 0.4058583959899749 0.24279448621553884 0.20269423558897243
