0 0.6864318102546215 0.44000697593303106 0.12138123474014649 0.11475409836065574
0 0.6515521450994071 0.41402162539239623 0.08789675619114057 0.08650156958493198
0 0.5784792465992327 0.5104638995465643 0.11754447157307289 0.12870596442274154
0 0.5296477153819323 0.5381932333449598 0.047785141262643875 0.04673875130798744
0 0.4961632368329264 0.4482036972445064 0.0533658876874782 0.0565050575514475
0 0.39309382629926753 0.38140913847227065 0.10952214858737357 0.0966166724799442
0 0.334147192186955 0.4056505057551447 0.050924311126613185 0.05510987094523893
0 0.34652947331705614 0.4407045692361353 0.05266829438437391 0.05824904080920823
0 0.2825252877572375 0.5715033135681897 0.058597837460760374 0.06103941402162539
0 0.3283920474363446 0.5704569236135333 0.031042901988140914 0.035926055109870944
0 0.22584583188001395 0.4560516219044297 0.040111614928496686 0.0387164283222881
0 0.6580048831531217 0.6702127659574468 0.038018835019183815 0.038018835019183815
0 0.7847924659923264 0.5399372166027206 0.03139169863969306 0.03348447854900593
0 0.7727589815137774 0.42762469480292986 0.03383327520055807 0.03348447854900593
0 0.1416114405301709 0.5866759679107081 0.03976281827694454 0.04046041158004883
0 0.8182769445413324 0.519183815835368 0.029298918730380187 0.027554935472619464
0 0.8780955702825253 0.4482036972445064 0.0533658876874782 0.04185559818625741
0 0.8372863620509243 0.557900244157656 0.027554935472619464 0.025462155563306593
