0 0.6378239740820735 0.6624053030303031 0.04346652267818575 0.08522727272727273
0 0.5479211663066955 0.7383996212121212 0.0423866090712743 0.06486742424242424
0 0.45113390928725705 0.5838068181818182 0.08963282937365011 0.1590909090909091
0 0.3876889848812095 0.5179924242424243 0.03995680345572354 0.06534090909090909
0 0.3014308855291577 0.3387784090909091 0.03914686825053996 0.0790719696969697
0 0.2132829373650108 0.4140625 0.05993520518358532 0.10085227272727273
0 0.3693304535637149 0.7542613636363636 0.14362850971922247 0.22253787878787878
0 0.5554805615550756 0.6022727272727273 0.045626349892008644 0.08806818181818182
0 0.560610151187905 0.42211174242424243 0.05534557235421167 0.09990530303030304
0 0.46476781857451405 0.34919507575757575 0.04130669546436285 0.07528409090909091
0 0.5846382289416847 0.2402935606060606 0.08612311015118791 0.18229166666666669
0 0.5178185745140389 0.3153409090909091 0.029697624190064796 0.061553030303030304
0 0.8733801295896328 0.5049715909090909 0.03347732181425486 0.05539772727272727
0 0.8596112311015119 0.44957386363636365 0.06857451403887689 0.0790719696969697
0 0.7340712742980562 0.37926136363636365 0.21112311015118793 0.28882575757575757
