0 0.33231831100284204 0.6811535337124289 0.15631343889565572 0.1389114541023558
0 0.7040194884287454 0.39094232331437856 0.3215590742996346 0.23192526401299754
0 0.4989849776695087 0.3249390739236393 0.13398294762484775 0.11779041429731925
0 0.6270807957775071 0.5808285946385052 0.06536743808363783 0.05686433793663688
0 0.39971579374746247 0.5706742485783916 0.10028420625253756 0.10560519902518277
0 0.32501015022330493 0.5615353371242892 0.04425497360941941 0.04264825345247766
0 0.36662606577344703 0.4337936636880585 0.04953308972797402 0.06092607636068237
0 0.9133170929760455 0.4551177904142973 0.047503045066991476 0.035337124289195776
0 0.8830694275274056 0.42506092607636065 0.09825416159155502 0.057270511779041425
0 0.41352009744214374 0.39053614947197396 0.037758830694275276 0.04670999187652315
