0 0.3908266480641786 0.5728985001743984 0.08964073944890129 0.07220090687129403
0 0.4141960237181723 0.5981862574119289 0.05615626089989536 0.05231949773282176
0 0.47924659923264734 0.5268573421695152 0.060690617370073245 0.07080572026508546
0 0.5137774677363097 0.5031391698639693 0.027206138821067316 0.027554935472619464
0 0.5183118242064876 0.5709801185908615 0.025810952214858737 0.027206138821067316
0 0.5725497035228462 0.6117893268224625 0.07220090687129403 0.055807464248343215
0 0.6164980816184165 0.5854551796302755 0.03732124171607953 0.04150680153470527
0 0.6119637251482386 0.5573770491803278 0.0387164283222881 0.043948378095570284
0 0.6815486571328915 0.4558772235786536 0.04046041158004883 0.04743634461109173
0 0.6456226020230206 0.4499476805022672 0.020230205790024415 0.027206138821067316
0 0.7040460411580048 0.5653993721660272 0.027554935472619464 0.03069410533658877
0 0.44680851063829785 0.3855946982908964 0.025810952214858737 0.0317404952912452
0 0.32228810603418206 0.46581792814788975 0.025113358911754445 0.02615974886641088
0 0.31409138472270665 0.567317753749564 0.027554935472619464 0.025462155563306593
0 0.7954307638646669 0.4576212068364144 0.02825252877572375 0.029298918730380187
0 0.2879316358562958 0.47593303104290197 0.024066968957098013 0.02057900244157656
0 0.22026508545517962 0.519009417509592 0.0463899546564353 0.03418207185211022
0 0.2771189396581793 0.43756539937216604 0.02267178235088943 0.01848622253226369
