0 0.2774122807017544 0.6539786967418546 0.05482456140350877 0.06359649122807018
0 0.4091478696741854 0.6320488721804511 0.05639097744360902 0.06547619047619047
0 0.6262531328320802 0.537124060150376 0.10025062656641603 0.10244360902255639
0 0.6990914786967418 0.49169799498746863 0.043546365914786965 0.040413533834586464
0 0.7484335839598997 0.41024436090225563 0.05701754385964912 0.04918546365914787
0 0.5950814536340852 0.4030388471177945 0.05482456140350877 0.047932330827067667
0 0.5266290726817042 0.3898809523809524 0.040100250626566414 0.03665413533834586
0 0.43358395989974935 0.3681077694235589 0.11967418546365914 0.11967418546365914
0 0.7327694235588972 0.6323621553884712 0.16791979949874686 0.1613408521303258
0 0.12327694235588972 0.6184210526315789 0.044799498746867165 0.04824561403508772
0 0.13596491228070173 0.5762844611528821 0.09022556390977443 0.07863408521303258
0 0.27521929824561403 0.49859022556390975 0.29667919799498743 0.24028822055137844
