0 0.7517857142857144 0.44583333333333336 0.08928571428571429 0.08095238095238096
0 0.6877976190476192 0.4547619047619048 0.04345238095238096 0.04166666666666667
0 0.574404761904762 0.5232142857142857 0.036904761904761905 0.04047619047619048
0 0.4803571428571429 0.5446428571428572 0.051190476190476196 0.051190476190476196
0 0.3973214285714286 0.48958333333333337 0.03869047619047619 0.04345238095238096
0 0.30446428571428574 0.430952380952381 0.04107142857142858 0.036904761904761905
0 0.18333333333333335 0.6502976190476191 0.04047619047619048 0.04107142857142858
0 0.6767857142857143 0.5976190476190477 0.029761904761904764 0.029761904761904764
0 0.6223214285714286 0.37678571428571433 0.03869047619047619 0.04047619047619048
0 0.48690476190476195 0.46398809523809526 0.12142857142857144 0.12916666666666668
