2 0.28569254185692544 0.6041095890410959 0.17016742770167428 0.14642313546423136
2 0.40898021308980215 0.6270928462709285 0.08006088280060883 0.09741248097412482
2 0.49330289193302895 0.7109589041095891 0.2030441400304414 0.17625570776255708
2 0.7054794520547946 0.7266362252663623 0.28158295281582957 0.21248097412480976
2 0.839117199391172 0.6398782343987824 0.18964992389649926 0.23683409436834096
2 0.5669710806697108 0.46377473363774735 0.20060882800608829 0.2012176560121766
2 0.4182648401826484 0.4768645357686454 0.06818873668188738 0.07762557077625572
2 0.3123287671232877 0.42328767123287675 0.14794520547945206 0.16286149162861494
2 0.2030441400304414 0.3812785388127854 0.06879756468797565 0.06788432267884323
2 0.11643835616438357 0.3751902587519026 0.04961948249619483 0.06605783866057839
2 0.11461187214611873 0.5681887366818874 0.045966514459665146 0.042313546423135465
