0 0.2282268170426065 0.3040413533834586 0.06860902255639098 0.07299498746867167
0 0.3632518796992481 0.33442982456140347 0.06735588972431078 0.07048872180451127
0 0.5870927318295739 0.4575501253132832 0.14849624060150374 0.1381578947368421
0 0.6723057644110275 0.5317982456140351 0.06265664160401002 0.05545112781954887
0 0.7169486215538847 0.6361215538847117 0.06171679197994987 0.06735588972431078
0 0.5352443609022556 0.6076127819548872 0.07174185463659147 0.06860902255639098
0 0.4595864661654135 0.6121553884711779 0.045739348370927316 0.05012531328320802
0 0.3659147869674185 0.6430137844611529 0.12969924812030076 0.1444235588972431
0 0.7327694235588972 0.38173558897243104 0.2199248120300752 0.2045739348370927
0 0.0718984962406015 0.3449248120300752 0.045426065162907266 0.04887218045112782
0 0.07456140350877193 0.38862781954887216 0.08709273182957393 0.07926065162907267
0 0.21099624060150374 0.4890350877192982 0.32550125313283207 0.2894736842105263
