0 0.3740550755939525 0.3302556818181818 0.04832613390928726 0.09043560606060606
0 0.4636879049676026 0.2618371212121212 0.04508639308855292 0.07859848484848485
0 0.5666846652267818 0.4325284090909091 0.09881209503239742 0.16524621212121213
0 0.6389038876889849 0.5106534090909091 0.04400647948164147 0.06960227272727273
0 0.7346112311015119 0.7085700757575758 0.04049676025917927 0.08191287878787878
0 0.8199244060475163 0.6453598484848485 0.05669546436285097 0.10132575757575758
0 0.6521328293736501 0.27840909090909094 0.1681965442764579 0.27178030303030304
0 0.4588282937365011 0.3963068181818182 0.04778617710583154 0.08806818181818182
0 0.4631479481641469 0.578125 0.0629049676025918 0.11458333333333334
0 0.5653347732181426 0.6704545454545455 0.05075593952483801 0.08712121212121213
0 0.43898488120950324 0.7604166666666667 0.09719222462203024 0.1856060606060606
0 0.5091792656587474 0.6946022727272727 0.03725701943844493 0.06628787878787878
0 0.1351241900647948 0.46448863636363635 0.03860691144708424 0.061553030303030304
0 0.1498380129589633 0.5243844696969697 0.07829373650107992 0.09043560606060606
0 0.28496220302375813 0.6034564393939394 0.24379049676025918 0.3224431818181818
