0 0.6386520503451076 0.703493095044679 0.1908241981323589 0.17384240454914704
0 0.26431181485992694 0.38302193338748985 0.28907835972391394 0.22989439480097482
0 0.44478278522127485 0.3233143785540211 0.10353227771010962 0.12428919577579203
0 0.34734064149411287 0.5911860276198213 0.05156313438895656 0.05808285946385053
0 0.5554202192448234 0.574735987002437 0.11693057247259439 0.10966693744922826
0 0.6500203004466099 0.5513809910641755 0.0535931790499391 0.04752233956133225
0 0.5820138043036946 0.42424857839155156 0.05805927730410069 0.057270511779041425
0 0.07653268371904182 0.43643379366368806 0.047503045066991476 0.04346060113728676
0 0.10475030450669914 0.39947197400487405 0.09987819732034105 0.0686433793663688
0 0.5160373528217621 0.3872867587327376 0.04303694681282988 0.044272948822095856
