2 0.7109589041095891 0.6074581430745815 0.22678843226788434 0.15799086757990868
2 0.5377473363774734 0.6295281582952816 0.08675799086757992 0.10532724505327246
2 0.4550989345509894 0.7242009132420092 0.1783866057838661 0.17473363774733638
2 0.26742770167427704 0.7552511415525115 0.25418569254185697 0.1996955859969559
2 0.14200913242009133 0.6654490106544901 0.17808219178082194 0.23987823439878236
2 0.39649923896499245 0.45585996955859975 0.1817351598173516 0.19147640791476409
2 0.5414003044140031 0.46529680365296805 0.09041095890410959 0.08249619482496195
2 0.7019786910197869 0.40730593607305937 0.1954337899543379 0.1783866057838661
2 0.8564687975646881 0.3554033485540335 0.08980213089802132 0.07884322678843228
2 0.9700152207001523 0.341248097412481 0.05936073059360731 0.07610350076103502
2 0.9534246575342467 0.5660578386605785 0.05540334855403349 0.05083713850837139
