0 0.6353331008022323 0.6499825601674224 0.12033484478549006 0.1028950122078828
0 0.6039414021625392 0.680327868852459 0.07568887338681549 0.07080572026508546
0 0.5251133589117545 0.5821416114405301 0.08545517963027555 0.10533658876874782
0 0.48360655737704916 0.5427275898151378 0.0387164283222881 0.0425531914893617
0 0.4691314963376352 0.6400418555981863 0.03767003836763167 0.04534356470177886
0 0.4000697593303104 0.6782350889431461 0.10603418207185211 0.08336239972096268
0 0.34339030345308685 0.6327171259155911 0.05406348099058249 0.0572026508545518
0 0.3505406348099058 0.5978374607603767 0.05510987094523893 0.06557377049180328
0 0.2708405999302407 0.4250087199162888 0.05685385420299965 0.05057551447506104
0 0.3193233344959888 0.43425183118242067 0.030345308685036623 0.03627485176142309
0 0.23090338332752006 0.5585978374607604 0.0425531914893617 0.047785141262643875
0 0.584234391349843 0.38175793512382283 0.03487966515521451 0.04220439483780956
0 0.7336937565399372 0.5104638995465643 0.03453086850366236 0.0387164283222881
0 0.735612138123474 0.641785838855947 0.03697244506452738 0.03487966515521451
0 0.11893965817928148 0.3904778514126264 0.03767003836763167 0.031042901988140914
0 0.7757237530519707 0.5277293337983955 0.03278688524590164 0.03139169863969306
0 0.8590861527729333 0.5877223578653645 0.05999302406696896 0.04185559818625741
0 0.7947331705615626 0.47209626787582837 0.031042901988140914 0.02825252877572375
