0 0.7916666666666667 0.43750000000000006 0.10595238095238096 0.09285714285714286
0 0.7151785714285714 0.449702380952381 0.05178571428571429 0.048214285714285716
0 0.5785714285714286 0.5327380952380952 0.04404761904761905 0.04642857142857143
0 0.47053571428571433 0.5586309523809524 0.056547619047619055 0.05773809523809524
0 0.3830357142857143 0.49404761904761907 0.04345238095238096 0.048809523809523817
0 0.2800595238095238 0.4258928571428572 0.0505952380952381 0.04345238095238096
0 0.1211309523809524 0.6851190476190476 0.04940476190476191 0.04761904761904762
0 0.7011904761904763 0.6169642857142857 0.03571428571428572 0.03392857142857143
0 0.6375000000000001 0.36071428571428577 0.04761904761904762 0.04761904761904762
0 0.4791666666666667 0.4651785714285715 0.13571428571428573 0.14702380952380953
