0 0.5988120950323974 0.3541666666666667 0.04643628509719223 0.07575757575757576
0 0.5124190064794817 0.33522727272727276 0.04319654427645789 0.06723484848484848
0 0.4477591792656588 0.47301136363636365 0.07316414686825054 0.125
0 0.40523758099352053 0.5369318181818182 0.032397408207343416 0.05303030303030303
0 0.3631209503239741 0.6948390151515151 0.038336933045356375 0.07149621212121213
0 0.2915766738660907 0.6678503787878788 0.05183585313174946 0.09043560606060606
0 0.37607991360691145 0.3849431818181818 0.12419006479481642 0.20549242424242425
0 0.5272678185745141 0.4240056818181818 0.0458963282937365 0.07433712121212122
0 0.5433315334773219 0.5501893939393939 0.062365010799136075 0.10416666666666667
0 0.4779967602591793 0.6363636363636364 0.03860691144708424 0.07007575757575758
0 0.5931425485961124 0.6723484848484849 0.09665226781857451 0.16666666666666669
0 0.521463282937365 0.6441761363636364 0.02996760259179266 0.054450757575757576
0 0.8193844492440605 0.38210227272727276 0.03725701943844493 0.05965909090909091
0 0.8122300215982722 0.4277935606060606 0.06830453563714903 0.08854166666666667
0 0.7042386609071275 0.5170454545454546 0.21949244060475162 0.30492424242424243
