0 0.3879415347137637 0.6718115353371242 0.15956151035322777 0.15190901705930138
0 0.7105156313438895 0.38870836718115354 0.2492894843686561 0.1965881397238018
0 0.5436459602111247 0.3464662875710804 0.09500609013398295 0.10641754670999187
0 0.6506293138449046 0.5645816409423233 0.046691027202598455 0.05117790414297319
0 0.45066991473812423 0.5601137286758733 0.09825416159155502 0.0958570268074736
0 0.37352821762078764 0.5416328188464663 0.04303694681282988 0.04021121039805036
0 0.428948436865611 0.43399675060926074 0.047503045066991476 0.048334687246141345
0 0.8725131952902964 0.42729488220958567 0.03735282176207876 0.03574329813160032
0 0.8483556638246041 0.39744110479285133 0.0775477060495331 0.057270511779041425
0 0.4817295980511571 0.4021121039805036 0.03532277710109622 0.036555645816409424
