0 0.7451441102756892 0.5806704260651628 0.041040100250626564 0.042919799498746865
0 0.6406641604010025 0.6066729323308271 0.041979949874686714 0.044172932330827065
0 0.45050125313283207 0.5855263157894737 0.08145363408521303 0.08082706766917293
0 0.381578947368421 0.5614035087719298 0.03508771929824561 0.03195488721804511
0 0.3198621553884712 0.4957706766917293 0.040100250626566414 0.043546365914786965
0 0.4431390977443609 0.462562656641604 0.03853383458646616 0.042293233082706765
0 0.49530075187969924 0.4382832080200501 0.02819548872180451 0.03258145363408521
0 0.5617167919799498 0.3927005012531328 0.07832080200501253 0.09367167919799499
0 0.38032581453634084 0.681704260651629 0.14223057644110276 0.13032581453634084
0 0.8572994987468672 0.5023496240601504 0.03352130325814536 0.03164160401002506
0 0.8410087719298245 0.4733709273182957 0.06798245614035087 0.04887218045112782
0 0.7161654135338346 0.45238095238095233 0.21177944862155387 0.15977443609022557
