0 0.622602023020579 0.4269271014998256 0.10184862225322637 0.09696546913149634
0 0.596267875828392 0.3943146145797 0.06452738053714684 0.06801534705266829
0 0.5320892919427973 0.48011859086152775 0.07220090687129403 0.09103592605510986
0 0.4973840251133589 0.5052319497732821 0.029298918730380187 0.031042901988140914
0 0.4877921171956749 0.4251831182420649 0.030345308685036623 0.0355772584583188
0 0.4293686780606906 0.37391001046389954 0.07394489012905477 0.053017091035926056
0 0.38402511335891176 0.39501220788280433 0.03767003836763167 0.03662364841297523
0 0.3903034530868504 0.42204394837809556 0.03976281827694454 0.0425531914893617
0 0.32403208929194277 0.5350540634809906 0.046041158004883155 0.0495291245204046
0 0.36239972096267875 0.5352284618067666 0.023718172305545866 0.030345308685036623
0 0.2917683990233694 0.4209975584234391 0.030345308685036623 0.0286013254272759
0 0.5755144750610394 0.641960237181723 0.029298918730380187 0.030345308685036623
0 0.704220439483781 0.5441227764213463 0.029298918730380187 0.0286013254272759
0 0.7033484478549006 0.4377397976979421 0.031042901988140914 0.032089291942797346
0 0.20282525287757236 0.5523194977328217 0.031042901988140914 0.0324380885943495
0 0.7401464945936519 0.5296477153819323 0.027206138821067316 0.02336937565399372
0 0.8072898500174398 0.4731426578304848 0.05127310777816533 0.033135681897453785
0 0.7554935472619463 0.5669689570980119 0.026508545517963028 0.02127659574468085
