0 0.7476190476190477 0.49613095238095245 0.07738095238095238 0.061309523809523814
0 0.6821428571428572 0.5041666666666668 0.036904761904761905 0.03214285714285715
0 0.5520833333333334 0.46934523809523815 0.02916666666666667 0.03273809523809524
0 0.45505952380952386 0.4741071428571429 0.042261904761904764 0.04107142857142858
0 0.3901785714285715 0.5479166666666667 0.03035714285714286 0.03630952380952381
0 0.3178571428571429 0.6282738095238096 0.034523809523809526 0.02916666666666667
0 0.14077380952380952 0.4547619047619048 0.03392857142857143 0.03333333333333334
0 0.6318452380952382 0.3726190476190476 0.025595238095238098 0.02380952380952381
0 0.6398809523809524 0.5949404761904763 0.03214285714285715 0.03273809523809524
0 0.4833333333333334 0.5482142857142858 0.09642857142857143 0.10595238095238096
