2 0.699847792998478 0.402130898021309 0.13637747336377476 0.11506849315068494
2 0.5891933028919331 0.40121765601217657 0.05996955859969559 0.08097412480974125
2 0.5103500761035008 0.33805175038051755 0.15799086757990868 0.13424657534246576
2 0.32359208523592087 0.3275494672754947 0.23561643835616441 0.1558599695585997
2 0.21659056316590566 0.40289193302891935 0.14277016742770168 0.19573820395738206
2 0.4611872146118722 0.5595129375951294 0.16438356164383564 0.15403348554033486
2 0.5917808219178082 0.5312024353120244 0.05601217656012177 0.06575342465753425
2 0.6885844748858448 0.5627092846270929 0.11506849315068494 0.13363774733637748
2 0.7796042617960427 0.5904109589041097 0.05479452054794521 0.05449010654490107
2 0.8514459665144597 0.5887366818873668 0.038356164383561646 0.05601217656012177
2 0.8490106544901066 0.4140030441400305 0.03287671232876713 0.03592085235920853
