2 0.7287671232876713 0.31963470319634707 0.14916286149162863 0.1589041095890411
2 0.6050228310502284 0.3643835616438357 0.06179604261796043 0.10898021308980214
2 0.497716894977169 0.30532724505327247 0.1844748858447489 0.16255707762557078
2 0.2525114155251142 0.341248097412481 0.31202435312024357 0.1875190258751903
2 0.12252663622526637 0.4616438356164384 0.18356164383561646 0.24018264840182652
2 0.4745814307458143 0.6056316590563167 0.2240487062404871 0.18721461187214614
2 0.6304414003044141 0.5307458143074582 0.06940639269406393 0.08980213089802132
2 0.7442922374429224 0.5267884322678844 0.1467275494672755 0.18417047184170474
2 0.8634703196347032 0.5086757990867581 0.07153729071537292 0.07549467275494673
2 0.9494672754946728 0.46651445966514465 0.04505327245053273 0.07397260273972603
2 0.9070015220700153 0.27184170471841707 0.04414003044140031 0.035312024353120246
