0 0.2690476190476191 0.4547619047619048 0.0880952380952381 0.07738095238095238
0 0.33452380952380956 0.4616071428571429 0.04285714285714286 0.039880952380952385
0 0.45238095238095244 0.5258928571428572 0.03571428571428572 0.03869047619047619
0 0.5485119047619048 0.5443452380952382 0.0505952380952381 0.04940476190476191
0 0.6285714285714287 0.4883928571428572 0.0380952380952381 0.042261904761904764
0 0.7193452380952382 0.4285714285714286 0.04345238095238096 0.03571428571428572
0 0.8523809523809525 0.6383928571428572 0.04047619047619048 0.039880952380952385
0 0.35267857142857145 0.6008928571428572 0.02916666666666667 0.027976190476190477
0 0.3946428571428572 0.38333333333333336 0.03928571428571429 0.03928571428571429
0 0.536904761904762 0.4657738095238096 0.12023809523809526 0.1255952380952381
