0 0.2012844611528822 0.5321115288220551 0.05357142857142857 0.05983709273182957
0 0.31343984962406013 0.5759711779448621 0.06046365914786967 0.06109022556390977
0 0.5557644110275689 0.5869360902255639 0.10776942355889724 0.1112155388471178
0 0.638157894736842 0.5681390977443609 0.045739348370927316 0.044799498746867165
0 0.7241541353383458 0.5036027568922306 0.05921052631578947 0.05921052631578947
0 0.587562656641604 0.44282581453634084 0.05294486215538847 0.05607769423558897
0 0.5333646616541353 0.4058583959899749 0.03853383458646616 0.042919799498746865
0 0.4620927318295739 0.33944235588972427 0.11904761904761904 0.1237468671679198
0 0.6232769423558897 0.7136591478696741 0.18389724310776942 0.17794486215538846
0 0.09257518796992481 0.4213659147869674 0.045426065162907266 0.046365914786967416
0 0.11779448621553884 0.3883145363408521 0.08834586466165413 0.07487468671679198
0 0.26676065162907264 0.38298872180451127 0.2716165413533834 0.23527568922305764
