0 0.3902537796976242 0.44957386363636365 0.042926565874730024 0.0771780303030303
0 0.4503239740820735 0.35511363636363635 0.04049676025917927 0.06912878787878789
0 0.5523758099352052 0.42826704545454547 0.0826133909287257 0.1415719696969697
0 0.615280777537797 0.4462594696969697 0.0367170626349892 0.06013257575757576
0 0.716792656587473 0.5402462121212122 0.04211663066954644 0.07575757575757576
0 0.7726781857451405 0.44649621212121215 0.0572354211663067 0.09564393939393939
0 0.5911177105831534 0.26704545454545453 0.14011879049676026 0.23295454545454547
0 0.46638768898488125 0.4578598484848485 0.042926565874730024 0.07670454545454546
0 0.49298056155507564 0.5906723484848485 0.055075593952483806 0.09706439393939394
0 0.5832883369330454 0.6048768939393939 0.04184665226781858 0.07244318181818182
0 0.4947354211663067 0.7369791666666667 0.08450323974082075 0.15672348484848486
0 0.5433315334773219 0.6534090909090909 0.030507559395248383 0.054924242424242424
0 0.22057235421166307 0.6635890151515151 0.032937365010799136 0.05539772727272727
0 0.24095572354211664 0.7005208333333334 0.06398488120950324 0.08570075757575758
0 0.3525917926565875 0.696969696969697 0.20518358531317496 0.2935606060606061
