0 0.37600279037321244 0.42186955005231946 0.09417509591907917 0.07359609347750261
0 0.3998953610045344 0.39501220788280433 0.05894663411231252 0.05266829438437391
0 0.4713986745727241 0.4713986745727241 0.06382978723404255 0.07220090687129403
0 0.5090687129403557 0.4940704569236135 0.027554935472619464 0.024066968957098013
0 0.5123822811301011 0.425531914893617 0.027206138821067316 0.027903732124171608
0 0.5690617370073248 0.3789675619114056 0.07359609347750261 0.04918032786885246
0 0.6164980816184165 0.39902336937565397 0.03662364841297523 0.03487966515521451
0 0.6123125217997907 0.4262295081967213 0.038018835019183815 0.03697244506452738
0 0.6914893617021276 0.5294733170561563 0.04359958144401814 0.04185559818625741
0 0.6515521450994071 0.5284269271014999 0.021625392396232995 0.025113358911754445
0 0.7127659574468085 0.4229159400069759 0.029647715381932335 0.02615974886641088
0 0.4377397976979421 0.6342867108475758 0.026508545517963028 0.0324380885943495
0 0.30449947680502265 0.543250784792466 0.026508545517963028 0.030345308685036623
0 0.29508196721311475 0.4286710847575863 0.0286013254272759 0.025810952214858737
0 0.8165329612835717 0.5441227764213463 0.029298918730380187 0.027903732124171608
0 0.26822462504359956 0.5329612835716777 0.025810952214858737 0.023718172305545866
0 0.19724450645273806 0.47942099755842343 0.04848273456574817 0.031042901988140914
0 0.2558423439134984 0.5783048482734565 0.025462155563306593 0.020927799093128707
