0 0.6419001218026796 0.6119008935824533 0.12099066179455947 0.1141348497156783
0 0.31851400730816076 0.4691307879772542 0.19285424279334146 0.14947197400487408
0 0.4403166869671133 0.3929731925264013 0.07429963459196103 0.08489033306255077
0 0.4066179455948031 0.5940292445166531 0.036946812829882256 0.039398862713241264
0 0.5629313844904588 0.5410235580828594 0.07348761672756801 0.07229894394800974
0 0.6185546082013804 0.5073111291632819 0.03288672350791717 0.030869212022745732
0 0.5515631343889565 0.43419983753046304 0.03532277710109622 0.038180341186027617
0 0.20259845716605765 0.5410235580828594 0.028420625253755584 0.02761982128350934
0 0.21356069833536337 0.5111697806661251 0.059277304100690216 0.04346060113728676
0 0.5032480714575721 0.42201462225832653 0.02639058059277304 0.029244516653127536
