0 0.6148758099352052 0.47703598484848486 0.03806695464362851 0.06770833333333333
0 0.5633099352051836 0.3925189393939394 0.03752699784017279 0.06439393939393939
0 0.4735421166306696 0.43915719696969696 0.07289416846652268 0.12547348484848486
0 0.4195464362850972 0.4415246212121212 0.032397408207343416 0.05350378787878788
0 0.3350431965442765 0.5168087121212122 0.038876889848812095 0.07244318181818182
0 0.28725701943844495 0.42424242424242425 0.05345572354211663 0.0946969696969697
0 0.4445194384449244 0.2923768939393939 0.1298596112311015 0.21922348484848486
0 0.5479211663066955 0.4765625 0.03752699784017279 0.06676136363636363
0 0.5207883369330454 0.5833333333333334 0.04967602591792657 0.08617424242424243
0 0.44384449244060475 0.5833333333333334 0.038336933045356375 0.06912878787878789
0 0.5144438444924406 0.7130681818181819 0.07964362850971923 0.14678030303030304
0 0.47489200863930886 0.6313920454545455 0.027537796976241903 0.05066287878787879
0 0.7562095032397409 0.6773200757575758 0.032937365010799136 0.05350378787878788
0 0.7389308855291578 0.7095170454545455 0.061555075593952485 0.08380681818181819
0 0.6389038876889849 0.6917613636363636 0.18763498920086394 0.2774621212121212
