0 0.768640350877193 0.6473997493734336 0.05482456140350877 0.06109022556390977
0 0.6311090225563909 0.6616541353383458 0.05670426065162907 0.06328320802005012
0 0.4025689223057644 0.5792606516290727 0.11027568922305764 0.12656641604010024
0 0.32675438596491224 0.5267857142857143 0.047619047619047616 0.05043859649122807
0 0.2662907268170426 0.418859649122807 0.05639097744360902 0.06704260651629072
0 0.4194862155388471 0.3980263157894737 0.05451127819548872 0.06484962406015038
0 0.48605889724310775 0.37421679197994984 0.039786967418546364 0.04981203007518797
0 0.5831766917293233 0.3355263157894737 0.1212406015037594 0.13095238095238093
0 0.2951127819548872 0.6715225563909774 0.17794486215538846 0.1970551378446115
0 0.9301378446115288 0.5681390977443609 0.045112781954887216 0.046052631578947366
0 0.9171365914786966 0.5275689223057644 0.08991228070175439 0.07330827067669173
0 0.7615914786967418 0.45848997493734334 0.2982456140350877 0.25469924812030076
