0 0.3383327520055807 0.5390652249738402 0.12277642134635508 0.09243111266131845
0 0.35228461806766653 0.5784792465992327 0.0774328566445762 0.06592256714335543
0 0.47052668294384375 0.526334147192187 0.08371119637251483 0.08929194279734914
0 0.5252877572375305 0.5151726543425184 0.03487966515521451 0.03139169863969306
0 0.49529124520404605 0.5931287059644227 0.0355772584583188 0.03383327520055807
0 0.5366236484129753 0.6623648412975235 0.0952214858737356 0.064876177188699
0 0.6013254272758981 0.6520753400767353 0.048133937914196026 0.04429717474712243
0 0.6103941402162539 0.6205092431112661 0.05022671782350889 0.04743634461109173
0 0.7502615974886641 0.5242413672828741 0.05441227764213463 0.053714684339030344
0 0.7035228461806766 0.514475061039414 0.027903732124171608 0.03139169863969306
0 0.7246250435995815 0.6512033484478549 0.0387164283222881 0.03348447854900593
0 0.4823857690966167 0.3418207185211022 0.03418207185211022 0.03767003836763167
0 0.29891873038018835 0.37774677363097314 0.03418207185211022 0.03487966515521451
0 0.2497384025113359 0.4959888385071503 0.03767003836763167 0.032089291942797346
0 0.9012905476107429 0.5406348099058249 0.03767003836763167 0.03697244506452738
0 0.25287757237530517 0.3723404255319149 0.032089291942797346 0.027554935472619464
0 0.1536449250087199 0.39693058946634113 0.061737007324729684 0.03767003836763167
0 0.2521799790722009 0.3189745378444367 0.03069410533658877 0.0247645622602023
