0 0.33495736906211937 0.3123476848090983 0.2086885911490053 0.2307067424857839
0 0.705237515225335 0.7053208773354995 0.30531871701177427 0.2506092607636068
0 0.5036540803897686 0.730097481722177 0.12302070645554201 0.13850528025995126
0 0.6477872513195291 0.47948822095857024 0.06130734876167276 0.0718927701056052
0 0.4074299634591961 0.47136474411047924 0.12058465286236297 0.1181965881397238
0 0.3160779537149817 0.47969130787977254 0.053999187982135606 0.05036555645816409
0 0.3706861550954121 0.6082453290008123 0.059277304100690216 0.05970755483346872
0 0.8978887535525781 0.6752640129975629 0.04587900933820544 0.05077173030056864
0 0.8672350791717418 0.7158813972380178 0.09419407226958992 0.08082859463850528
0 0.4299634591961023 0.6527213647441105 0.044660982541615914 0.0463038180341186
