2 0.6176560121765602 0.3961948249619483 0.11019786910197871 0.09528158295281584
2 0.5305936073059361 0.415220700152207 0.04687975646879757 0.06575342465753425
2 0.458599695585997 0.37838660578386607 0.12024353120243532 0.10410958904109589
2 0.3203957382039574 0.41811263318112635 0.18843226788432269 0.12511415525114156
2 0.2595129375951294 0.5086757990867581 0.11780821917808221 0.1558599695585997
2 0.47869101978691025 0.5601217656012177 0.11659056316590564 0.11141552511415526
2 0.5640791476407915 0.5173515981735161 0.03957382039573821 0.04779299847792999
2 0.6453576864535769 0.521765601217656 0.09254185692541858 0.10471841704718418
2 0.7272450532724506 0.5238964992389651 0.044444444444444446 0.04322678843226789
2 0.7856925418569255 0.5082191780821919 0.029832572298325727 0.04353120243531203
2 0.741095890410959 0.3757990867579909 0.027701674277016745 0.029528158295281586
