0 0.1967261904761905 0.4708333333333334 0.09583333333333334 0.09404761904761906
0 0.26994047619047623 0.4678571428571429 0.048214285714285716 0.048809523809523817
0 0.40803571428571433 0.524702380952381 0.042261904761904764 0.048214285714285716
0 0.5205357142857143 0.5333333333333334 0.058928571428571434 0.05714285714285715
0 0.6145833333333334 0.4598214285714286 0.044642857142857144 0.04940476190476191
0 0.7202380952380953 0.380952380952381 0.04761904761904762 0.04166666666666667
0 0.893452380952381 0.6291666666666668 0.048809523809523817 0.04642857142857143
0 0.2925595238095238 0.6321428571428572 0.031547619047619054 0.034523809523809526
0 0.3413690476190476 0.3633928571428572 0.044642857142857144 0.048214285714285716
0 0.5080357142857144 0.4410714285714286 0.1386904761904762 0.15000000000000002
