2 0.29315068493150687 0.4176560121765602 0.16438356164383564 0.15038051750380518
2 0.4167427701674277 0.3940639269406393 0.07549467275494673 0.09771689497716896
2 0.48873668188736685 0.30989345509893457 0.184779299847793 0.16925418569254186
2 0.6870624048706241 0.2829528158295282 0.2569254185692542 0.18721461187214614
2 0.8156773211567733 0.3575342465753425 0.16894977168949774 0.219482496194825
2 0.5799086757990868 0.5506849315068494 0.1923896499238965 0.1863013698630137
2 0.4386605783866058 0.541248097412481 0.06757990867579909 0.07732115677321158
2 0.3324200913242009 0.5934550989345511 0.14733637747336378 0.16286149162861494
2 0.22815829528158296 0.6436834094368341 0.06971080669710808 0.06910197869101979
2 0.14398782343987826 0.6576864535768646 0.050532724505327246 0.06666666666666667
2 0.12678843226788433 0.4646879756468798 0.042922374429223746 0.04414003044140031
