0 0.6628095818107999 0.7099918765231519 0.17904993909866018 0.16328188464662874
0 0.2639058059277304 0.4199837530463038 0.27121396670726755 0.21527213647441104
0 0.4338205440519691 0.35093419983753044 0.10596833130328867 0.12428919577579203
0 0.3564758424685343 0.622055239642567 0.05602923264311815 0.05970755483346872
0 0.5708485586682907 0.5907798537774167 0.10799837596427121 0.11007311129163282
0 0.6494112870483151 0.5584890333062551 0.04912708079577751 0.0471161657189277
0 0.5740966301258628 0.4317627944760357 0.05440519691433211 0.05686433793663688
0 0.0978481526593585 0.46344435418359053 0.04141291108404385 0.04061738424045491
0 0.1218026796589525 0.43724614134849715 0.08607389362565976 0.0678310316815597
0 0.5105562322371092 0.4039398862713241 0.04181892001624036 0.044272948822095856
