0 0.3348447854900593 0.5319148936170213 0.10394140216253923 0.08231600976630624
0 0.3536798046738751 0.5701081269619812 0.06557377049180328 0.05894663411231252
0 0.44750610394140217 0.5052319497732821 0.06906173700732472 0.0812696198116498
0 0.4919776770143007 0.4900592954307639 0.02825252877572375 0.025810952214858737
0 0.4787234042553191 0.5688873386815486 0.030345308685036623 0.032089291942797346
0 0.531217300313917 0.641960237181723 0.08998953610045343 0.05685385420299965
0 0.5915591210324381 0.6360306941053365 0.04464597139867457 0.040809208231600974
0 0.5934775026159749 0.6037670038367632 0.0463899546564353 0.04325078479246599
0 0.7118939658179282 0.5160446459713987 0.050924311126613185 0.045692361353331004
0 0.6653296128357168 0.5027903732124172 0.0247645622602023 0.02615974886641088
0 0.7101499825601674 0.6440530170910359 0.03627485176142309 0.030345308685036623
0 0.45657481688175794 0.3360655737704918 0.027206138821067316 0.0317404952912452
0 0.2926403906522497 0.3866410882455528 0.027206138821067316 0.028950122078828043
0 0.25113358911754446 0.4998256016742239 0.03139169863969306 0.029298918730380187
0 0.8611789326822462 0.5435995814440181 0.03487966515521451 0.0317404952912452
0 0.2514823857690966 0.3864666899197768 0.026508545517963028 0.022322985699337286
0 0.1625392396232996 0.41785838855946983 0.050924311126613185 0.029298918730380187
0 0.25252877572375304 0.33885594698290894 0.025113358911754445 0.02057900244157656
