0 0.39700323974082075 0.41903409090909094 0.03644708423326134 0.05587121212121212
0 0.4731371490280778 0.38446969696969696 0.045626349892008644 0.07481060606060606
0 0.5519708423326134 0.4959753787878788 0.09422246220302376 0.1434659090909091
0 0.5973272138228942 0.5508996212121212 0.04940604751619871 0.07054924242424243
0 0.6569924406047517 0.6853693181818182 0.04346652267818575 0.07433712121212122
0 0.7396058315334774 0.6148200757575758 0.06776457883369331 0.11316287878787878
0 0.6241900647948164 0.37334280303030304 0.15982721382289417 0.22111742424242425
0 0.45720842332613393 0.47608901515151514 0.03590712742980562 0.054450757575757576
0 0.4650377969762419 0.5733901515151515 0.04724622030237581 0.07102272727272728
0 0.537122030237581 0.6472537878787878 0.04130669546436285 0.0625
0 0.4632829373650108 0.6875 0.09935205183585313 0.16098484848484848
0 0.5018898488120951 0.6519886363636364 0.03347732181425486 0.05303030303030303
0 0.2232721382289417 0.47419507575757575 0.030777537796976243 0.03740530303030303
0 0.23785097192224625 0.5056818181818182 0.061555075593952485 0.05776515151515152
0 0.3400377969762419 0.5679450757575758 0.1978941684665227 0.203125
