0 0.7587719298245613 0.28728070175438597 0.06641604010025062 0.06641604010025062
0 0.6218671679197995 0.3182957393483709 0.06829573934837092 0.06829573934837092
0 0.40272556390977443 0.45441729323308266 0.1306390977443609 0.1268796992481203
0 0.3300438596491228 0.5227130325814536 0.05545112781954887 0.05169172932330827
0 0.2858709273182957 0.6412907268170426 0.06860902255639098 0.07644110275689223
0 0.4514411027568922 0.6121553884711779 0.06641604010025062 0.07393483709273183
0 0.5264724310776943 0.6135651629072681 0.04855889724310777 0.05607769423558897
0 0.6300125313283208 0.6356516290726817 0.13784461152882205 0.16165413533834586
0 0.27365288220551376 0.38674812030075184 0.21773182957393483 0.20582706766917291
0 0.9271616541353382 0.3115601503759398 0.05357142857142857 0.05043859649122807
0 0.9213659147869674 0.3571428571428571 0.10338345864661654 0.08897243107769423
0 0.7855576441102756 0.46679197994987465 0.3298872180451128 0.3007518796992481
