0 0.21220238095238098 0.6023809523809525 0.11130952380952382 0.09642857142857143
0 0.28898809523809527 0.5702380952380953 0.05535714285714286 0.05
0 0.462202380952381 0.5687500000000001 0.04583333333333334 0.048214285714285716
0 0.5770833333333334 0.531547619047619 0.061309523809523814 0.06071428571428572
0 0.6273809523809525 0.42113095238095244 0.045238095238095244 0.05178571428571429
0 0.6857142857142857 0.3002976190476191 0.048809523809523817 0.04345238095238096
0 0.9529761904761905 0.4535714285714286 0.048809523809523817 0.048809523809523817
0 0.3979166666666667 0.7136904761904762 0.037500000000000006 0.03571428571428572
0 0.3092261904761905 0.44642857142857145 0.04940476190476191 0.048809523809523817
0 0.5172619047619048 0.4508928571428572 0.14523809523809525 0.15416666666666667
