0 0.3226369026857342 0.5510987094523893 0.11649808161841646 0.11859086152772934
0 0.3372863620509243 0.6013254272758981 0.07394489012905477 0.08022322985699337
0 0.43233344959888387 0.5340076735263342 0.08475758632717126 0.1137077084059993
0 0.4764562260202302 0.5219741890477851 0.03418207185211022 0.0387164283222881
0 0.4555284269271015 0.622776421346355 0.03487966515521451 0.04429717474712243
0 0.5012207882804325 0.6937565399372166 0.08998953610045343 0.07394489012905477
0 0.5582490408092082 0.6791070805720265 0.045692361353331004 0.046041158004883155
0 0.5631321939309383 0.6522497384025113 0.04429717474712243 0.046041158004883155
0 0.6885245901639344 0.5631321939309383 0.055807464248343215 0.05755144750610394
0 0.6450994070456924 0.5467387513079874 0.031042901988140914 0.03662364841297523
0 0.6726543425183118 0.6684687826996861 0.03453086850366236 0.03383327520055807
0 0.4548308336239972 0.3201953261248692 0.03069410533658877 0.03348447854900593
0 0.2936867806069062 0.36048133937914195 0.032089291942797346 0.03662364841297523
0 0.24694802929891874 0.4956400418555982 0.03627485176142309 0.04115800488315312
0 0.8337983955354028 0.5685385420299965 0.03453086850366236 0.03487966515521451
0 0.25514475061039416 0.3559469829089641 0.029647715381932335 0.028950122078828043
0 0.16864318102546216 0.38576909661667247 0.05406348099058249 0.039065224973840254
0 0.25898151377746775 0.29944192535751657 0.026857342169515172 0.024066968957098013
