0 0.3670356371490281 0.39796401515151514 0.03914686825053996 0.07244318181818182
0 0.4430345572354212 0.32267992424242425 0.03617710583153348 0.06202651515151515
0 0.5375269978401728 0.4384469696969697 0.07397408207343413 0.1278409090909091
0 0.5990820734341253 0.48153409090909094 0.032937365010799136 0.05303030303030303
0 0.6937095032397409 0.6205018939393939 0.04184665226781858 0.07149621212121213
0 0.769708423326134 0.5490056818181819 0.05615550755939525 0.08759469696969698
0 0.5958423326133909 0.28622159090909094 0.12688984881209503 0.20785984848484848
0 0.4457343412526998 0.43584280303030304 0.038876889848812095 0.07054924242424243
0 0.45909827213822896 0.5861742424242424 0.05102591792656588 0.09090909090909091
0 0.5503509719222462 0.6349431818181819 0.03860691144708424 0.06723484848484848
0 0.44681425485961124 0.7431344696969697 0.07829373650107992 0.14820075757575757
0 0.5048596112311016 0.671875 0.028077753779697626 0.052083333333333336
0 0.16941144708423328 0.5660511363636364 0.03212742980561555 0.049715909090909095
0 0.18669006479481642 0.6122159090909091 0.06560475161987041 0.07196969696969698
0 0.3042656587473002 0.6479640151515151 0.199244060475162 0.25804924242424243
