0 0.6218026796589525 0.6179935012185215 0.1278928136419001 0.12307067424857839
0 0.31892001624035726 0.415718927701056 0.1961023142509135 0.15150284321689683
0 0.4531059683313033 0.3627132412672624 0.07714169711733658 0.0926076360682372
0 0.38286642306130736 0.5595044679122664 0.0389768574908648 0.044272948822095856
0 0.5539991879821357 0.529650690495532 0.07917174177831912 0.07311129163281885
0 0.6199756394640682 0.5010154346060114 0.035728786033292735 0.03127538586515028
0 0.5645554202192448 0.42323314378554017 0.037758830694275276 0.038180341186027617
0 0.18838814453917985 0.47623883021933383 0.030044660982541615 0.03290008123476848
0 0.20665854648802273 0.4437449228269699 0.06252537555826228 0.04752233956133225
0 0.5164433617539586 0.40678310316815597 0.028420625253755584 0.028838342810722988
