0 0.7279135338345865 0.40617167919799496 0.040413533834586464 0.043546365914786965
0 0.6237468671679197 0.39426691729323304 0.041353383458646614 0.044799498746867165
0 0.4389097744360902 0.4431390977443609 0.08020050125313283 0.08176691729323307
0 0.37296365914786966 0.47744360902255634 0.03477443609022556 0.03195488721804511
0 0.31469298245614036 0.5488721804511278 0.041040100250626564 0.042606516290726815
0 0.4400062656641604 0.5709586466165413 0.03853383458646616 0.046052631578947366
0 0.493890977443609 0.5928884711779449 0.02788220551378446 0.03540100250626566
0 0.5645363408521303 0.6342418546365914 0.07832080200501253 0.09617794486215539
0 0.35964912280701755 0.3599624060150376 0.13283208020050125 0.12280701754385964
0 0.8472744360902256 0.48245614035087714 0.03289473684210526 0.03571428571428571
0 0.8342731829573934 0.5183270676691729 0.06641604010025062 0.05482456140350877
0 0.7120927318295739 0.5562343358395989 0.20864661654135336 0.1782581453634085
