0 0.8038690476190476 0.4598214285714286 0.1017857142857143 0.08511904761904762
0 0.7285714285714286 0.48303571428571435 0.048809523809523817 0.04345238095238096
0 0.5657738095238096 0.4672619047619048 0.04107142857142858 0.045238095238095244
0 0.45119047619047625 0.49255952380952384 0.05833333333333334 0.056547619047619055
0 0.3910714285714286 0.5916666666666667 0.04285714285714286 0.04642857142857143
0 0.3217261904761905 0.6982142857142858 0.04702380952380953 0.0380952380952381
0 0.06904761904761905 0.531547619047619 0.04642857142857143 0.045238095238095244
0 0.6351190476190477 0.3330357142857143 0.03333333333333334 0.03273809523809524
0 0.7002976190476191 0.5955357142857144 0.04345238095238096 0.042261904761904764
0 0.5029761904761906 0.5732142857142858 0.13333333333333336 0.1380952380952381
