2 0.68234398782344 0.4036529680365297 0.14033485540334856 0.11811263318112634
2 0.5700152207001522 0.39360730593607307 0.06057838660578387 0.08401826484018265
2 0.4968036529680366 0.3225266362252664 0.15220700152207003 0.13242009132420093
2 0.31065449010654494 0.317351598173516 0.23287671232876714 0.15068493150684933
2 0.19741248097412484 0.402130898021309 0.15251141552511416 0.1996955859969559
2 0.4404870624048707 0.5540334855403349 0.15342465753424658 0.16073059360730596
2 0.5636225266362254 0.5261796042617961 0.055098934550989354 0.06484018264840183
2 0.6637747336377474 0.562861491628615 0.12389649923896501 0.13211567732115678
2 0.7669710806697109 0.5888888888888889 0.06057838660578387 0.05266362252663623
2 0.852054794520548 0.5855403348554034 0.04018264840182649 0.05388127853881279
2 0.8435312024353121 0.41643835616438357 0.03713850837138509 0.03409436834094369
