0 0.3887535525781567 0.6512997562956945 0.1173365814047909 0.09870024370430544
0 0.6928542427933414 0.4740048740861088 0.18879415347137637 0.14297319252640128
0 0.5604953308972798 0.4149065800162469 0.07348761672756801 0.08651502843216896
0 0.6211936662606578 0.6056051990251827 0.035728786033292735 0.03411860276198213
0 0.4606171335769387 0.5771730300568643 0.07105156313438896 0.06255077173030056
0 0.40215184734064147 0.5538180341186028 0.03207470564352416 0.026401299756295692
0 0.4589930978481527 0.47461413484971565 0.03532277710109622 0.03858651502843217
0 0.819529029638652 0.5316815597075548 0.027202598457166056 0.02355808285946385
0 0.8055217214778725 0.5056864337936636 0.05765326837190418 0.03736799350121852
0 0.5042630937880633 0.45471161657189274 0.02679658952496955 0.029650690495532088
