0 0.6119637251482386 0.6011510289501221 0.10708057202650854 0.08545517963027555
0 0.5906871294035577 0.6288803627485176 0.06801534705266829 0.055807464248343215
0 0.5149982560167422 0.5509243111266132 0.07638646668991977 0.0749912800837112
0 0.4766306243460063 0.5268573421695152 0.031042901988140914 0.025462155563306593
0 0.47976979420997556 0.5933031042901988 0.0317404952912452 0.029298918730380187
0 0.42378793163585626 0.6353331008022323 0.08092082316009766 0.05685385420299965
0 0.38018835019183816 0.6133589117544471 0.03836763167073596 0.03662364841297523
0 0.38385071503313567 0.5875479595395884 0.04429717474712243 0.0387164283222881
0 0.29822113707708403 0.48360655737704916 0.05022671782350889 0.042901988140913845
0 0.33658876874782 0.4865713289152424 0.025810952214858737 0.024415765608650157
0 0.28758283920474365 0.5851063829787234 0.033135681897453785 0.027554935472619464
0 0.5582490408092082 0.3761771886989885 0.030345308685036623 0.03662364841297523
0 0.6961981164980816 0.4598883850715033 0.03139169863969306 0.040111614928496686
0 0.6934077432856645 0.5950470875479595 0.03418207185211022 0.03976281827694454
0 0.1766655040111615 0.46198116498081615 0.03383327520055807 0.029647715381932335
0 0.7350889431461458 0.4672131147540984 0.029647715381932335 0.0324380885943495
0 0.807813044994768 0.519009417509592 0.05441227764213463 0.04673875130798744
0 0.7516567840948727 0.41646320195326125 0.026508545517963028 0.023020579002441578
