2 0.6668188736681888 0.6779299847792999 0.1421613394216134 0.12054794520547946
2 0.5442922374429224 0.6537290715372908 0.05722983257229833 0.08675799086757992
2 0.452054794520548 0.7065449010654491 0.1589041095890411 0.13515981735159818
2 0.25601217656012176 0.6652968036529681 0.2350076103500761 0.14581430745814308
2 0.1563165905631659 0.5512937595129377 0.1330289193302892 0.19726027397260276
2 0.4353120243531203 0.45829528158295285 0.15951293759512938 0.15068493150684933
2 0.5683409436834095 0.5091324200913242 0.05418569254185693 0.06788432267884323
2 0.6881278538812786 0.4922374429223745 0.12085235920852361 0.14003044140030443
2 0.8048706240487064 0.48477929984779305 0.05905631659056317 0.055098934550989354
2 0.8904109589041097 0.5056316590563167 0.037747336377473364 0.059665144596651454
2 0.841095890410959 0.6983257229832572 0.03652968036529681 0.03592085235920853
