0 0.7727130325814536 0.3806390977443609 0.05106516290726817 0.05388471177944862
0 0.6508458646616541 0.3673245614035088 0.041666666666666664 0.06484962406015038
0 0.48104636591478694 0.3787593984962406 0.08677944862155387 0.12030075187969924
0 0.4096177944862155 0.4307644110275689 0.06359649122807018 0.06829573934837092
0 0.32691102756892226 0.5656328320802004 0.06109022556390977 0.06798245614035087
0 0.4896616541353383 0.5410401002506265 0.06578947368421052 0.07456140350877193
0 0.5516917293233082 0.5570175438596491 0.02882205513784461 0.045739348370927316
0 0.6199874686716792 0.6165413533834586 0.08145363408521303 0.13157894736842105
0 0.3787593984962406 0.27866541353383456 0.18170426065162906 0.20582706766917291
0 0.9221491228070174 0.4591165413533834 0.042919799498746865 0.04918546365914787
0 0.9094611528822054 0.4973370927318295 0.08583959899749373 0.08051378446115287
0 0.7716165413533834 0.5418233082706767 0.2531328320802005 0.22462406015037592
