0 0.8470238095238096 0.5101190476190477 0.1011904761904762 0.08214285714285716
0 0.7610119047619048 0.5217261904761905 0.04940476190476191 0.042261904761904764
0 0.5875 0.468452380952381 0.03928571428571429 0.045238095238095244
0 0.46071428571428574 0.4657738095238096 0.05476190476190477 0.05535714285714286
0 0.37619047619047624 0.5568452380952381 0.03928571428571429 0.048214285714285716
0 0.2800595238095238 0.6583333333333334 0.04583333333333334 0.0380952380952381
0 0.05476190476190477 0.4324404761904762 0.04404761904761905 0.042261904761904764
0 0.6922619047619049 0.34821428571428575 0.03333333333333334 0.030952380952380953
0 0.70625 0.6404761904761905 0.04345238095238096 0.04285714285714286
0 0.49732142857142864 0.5654761904761906 0.12916666666666668 0.14285714285714288
