0 0.6316144708423327 0.4382102272727273 0.03860691144708424 0.078125
0 0.5638498920086393 0.34919507575757575 0.03644708423326134 0.06865530303030304
0 0.46922246220302377 0.45146780303030304 0.07451403887688986 0.1387310606060606
0 0.4086123110151188 0.4805871212121212 0.033747300215982726 0.05776515151515152
0 0.3169546436285097 0.5930397727272727 0.03779697624190065 0.07339015151515152
0 0.2529697624190065 0.5042613636363636 0.052375809935205186 0.0928030303030303
0 0.416036717062635 0.28551136363636365 0.12742980561555076 0.23011363636363638
0 0.5572354211663068 0.4647253787878788 0.038336933045356375 0.0771780303030303
0 0.5390118790496761 0.6133996212121212 0.05102591792656588 0.09706439393939394
0 0.4522138228941685 0.6410984848484849 0.038876889848812095 0.07196969696969698
0 0.5442764578833693 0.7677556818181819 0.07883369330453564 0.15672348484848486
0 0.4932505399568035 0.6870265151515151 0.028077753779697626 0.054924242424242424
0 0.8065604751619871 0.6363636363636364 0.030507559395248383 0.05587121212121212
0 0.7886069114470843 0.6818181818181819 0.06047516198704104 0.08333333333333334
0 0.6796706263498921 0.703125 0.19411447084233263 0.28882575757575757
