0 0.6024568034557236 0.6806344696969697 0.06938444924406048 0.09138257575757576
0 0.4936555075593953 0.7260890151515151 0.056965442764578836 0.0790719696969697
0 0.3967332613390929 0.5580018939393939 0.09422246220302376 0.15577651515151517
0 0.3354481641468683 0.48484848484848486 0.04130669546436285 0.06534090909090909
0 0.26633369330453566 0.28053977272727276 0.0423866090712743 0.09232954545454546
0 0.1821004319654428 0.34303977272727276 0.05804535637149028 0.11505681818181819
0 0.3276187904967603 0.7024147727272727 0.1590172786177106 0.25426136363636365
0 0.4939254859611231 0.5991950757575758 0.05588552915766739 0.08664772727272728
0 0.4936555075593953 0.41950757575757575 0.05912526997840173 0.12121212121212122
0 0.41225701943844495 0.3210227272727273 0.04319654427645789 0.08901515151515152
0 0.5425215982721383 0.23484848484848486 0.10718142548596113 0.19981060606060608
0 0.46341792656587477 0.2949810606060606 0.031587473002159826 0.06818181818181818
0 0.8943034557235422 0.5961174242424243 0.04778617710583154 0.06912878787878789
0 0.8783747300215983 0.5307765151515151 0.09530237580993521 0.10700757575757576
0 0.7185475161987042 0.42329545454545453 0.29778617710583155 0.36647727272727276
