0 0.31453634085213034 0.518640350877193 0.040100250626566414 0.041666666666666664
0 0.39050751879699247 0.5516917293233082 0.041040100250626564 0.043233082706766915
0 0.5432330827067668 0.5634398496240601 0.07894736842105263 0.07675438596491227
0 0.6021303258145363 0.5579573934837092 0.03320802005012531 0.03070175438596491
0 0.6640037593984962 0.5223997493734336 0.03853383458646616 0.039160401002506263
0 0.5770676691729323 0.47368421052631576 0.03884711779448621 0.03884711779448621
0 0.5424498746867168 0.4456453634085213 0.02850877192982456 0.02913533834586466
0 0.5010964912280701 0.40178571428571425 0.08114035087719298 0.08740601503759399
0 0.5781641604010025 0.6495927318295739 0.1306390977443609 0.1224937343358396
0 0.24028822055137844 0.4382832080200501 0.03320802005012531 0.03132832080200501
0 0.2598684210526316 0.4180764411027569 0.06359649122807018 0.05169172932330827
0 0.3657581453634085 0.4224624060150376 0.1983082706766917 0.16885964912280702
