0 0.681282988225741 0.3704305442729488 0.1615915550142103 0.1445978878960195
0 0.26634185952090944 0.545897644191714 0.25984571660576533 0.19821283509341997
0 0.414535119772635 0.6450040617384241 0.10312626877791312 0.11210398050365555
0 0.3822574096630126 0.38870836718115354 0.05075111652456354 0.05036555645816409
0 0.5840438489646772 0.45775792038992685 0.09947218838814453 0.0926076360682372
0 0.6561104344295574 0.5006092607636068 0.044660982541615914 0.039398862713241264
0 0.563134388956557 0.5928107229894395 0.04953308972797402 0.049959382615759544
0 0.12586276898091758 0.4524776604386677 0.03654080389768575 0.03574329813160032
0 0.13784003248071458 0.4908610885458976 0.07998375964271214 0.057270511779041425
0 0.4993909866017052 0.6084484159220146 0.03735282176207876 0.03899268887083672
