0 0.6294035577258458 0.5017439832577607 0.09870945238925706 0.07359609347750261
0 0.6164980816184165 0.5341820718521102 0.06592256714335543 0.06313219393093826
0 0.5188350191838158 0.49337286362050925 0.067317753749564 0.07010812696198117
0 0.4731426578304848 0.4843041506801535 0.02825252877572375 0.02267178235088943
0 0.49912800837111965 0.5524938960585978 0.03139169863969306 0.0355772584583188
0 0.46982908964073944 0.6301011510289501 0.08092082316009766 0.06452738053714684
0 0.4168119986048134 0.6313219393093826 0.04185559818625741 0.04464597139867457
0 0.4079176839902337 0.5999302406696896 0.04359958144401814 0.04743634461109173
0 0.28758283920474365 0.526334147192187 0.04918032786885246 0.05162190442971747
0 0.32420648761771886 0.5081967213114754 0.0247645622602023 0.02999651203348448
0 0.3177537495640042 0.6517265434251831 0.03348447854900593 0.03383327520055807
0 0.5003487966515522 0.37077084059993026 0.027554935472619464 0.027903732124171608
0 0.661144053017091 0.39466341123125215 0.026857342169515172 0.024066968957098013
0 0.7071852110219742 0.4713986745727241 0.029647715381932335 0.024066968957098013
0 0.16602720613882108 0.569584931984653 0.03348447854900593 0.0355772584583188
0 0.7005580746424834 0.3913498430415068 0.02615974886641088 0.019532612486920127
0 0.7879316358562958 0.40687129403557726 0.0495291245204046 0.02825252877572375
0 0.6975933031042902 0.3576909661667248 0.024415765608650157 0.0177886292291594
