2 0.3340943683409437 0.6392694063926941 0.169558599695586 0.16742770167427704
2 0.44824961948249625 0.6178082191780823 0.08188736681887368 0.10624048706240488
2 0.545662100456621 0.6700152207001523 0.1939117199391172 0.17960426179604264
2 0.7347031963470321 0.6012176560121766 0.2767123287671233 0.1936073059360731
2 0.8121765601217656 0.46803652968036535 0.18508371385083716 0.22191780821917811
2 0.5184170471841705 0.4184170471841705 0.1802130898021309 0.169558599695586
2 0.4018264840182649 0.47823439878234403 0.06331811263318113 0.07610350076103502
2 0.28630136986301374 0.47199391171993915 0.139117199391172 0.15981735159817353
2 0.17656012176560124 0.47564687975646885 0.06331811263318113 0.06179604261796043
2 0.10395738203957383 0.5051750380517505 0.042313546423135465 0.04961948249619483
2 0.1767123287671233 0.6654490106544901 0.042922374429223746 0.04687975646879757
