0 0.8455357142857144 0.5104166666666667 0.10892857142857144 0.08750000000000001
0 0.7574404761904763 0.4964285714285715 0.04940476190476191 0.04642857142857143
0 0.5836309523809524 0.5446428571428572 0.03869047619047619 0.04761904761904762
0 0.4541666666666667 0.5383928571428572 0.06071428571428572 0.058928571428571434
0 0.37142857142857144 0.4357142857142858 0.04404761904761905 0.05238095238095239
0 0.27767857142857144 0.32410714285714287 0.0505952380952381 0.042261904761904764
0 0.018750000000000003 0.5613095238095238 0.037500000000000006 0.045238095238095244
0 0.6755952380952381 0.6818452380952381 0.03333333333333334 0.03392857142857143
0 0.7130952380952381 0.36904761904761907 0.04285714285714286 0.04642857142857143
0 0.5005952380952381 0.4345238095238096 0.13690476190476192 0.15357142857142858
