0 0.6597488664108825 0.4891873038018835 0.10847575863271712 0.067317753749564
0 0.6433554237879316 0.4574468085106383 0.06801534705266829 0.04918032786885246
0 0.5367980467387513 0.5273805371468434 0.07324729682595046 0.07045692361353331
0 0.4872689222183467 0.5474363446110917 0.03069410533658877 0.025462155563306593
0 0.5092431112661319 0.47401464945936517 0.03069410533658877 0.027903732124171608
0 0.4654691314963376 0.41977677014300663 0.08336239972096268 0.05057551447506104
0 0.40669689570980116 0.43948378095570284 0.04185559818625741 0.03697244506452738
0 0.40129054761074295 0.4693058946634112 0.042901988140913845 0.0387164283222881
0 0.2785141262643879 0.5772584583188002 0.04918032786885246 0.04325078479246599
0 0.3215905127310778 0.5779560516219044 0.024415765608650157 0.025113358911754445
0 0.2846180676665504 0.435123822811301 0.04464597139867457 0.07220090687129403
0 0.5259853505406348 0.6860830136030694 0.03976281827694454 0.02999651203348448
0 0.7110219741890478 0.6206836414370422 0.030345308685036623 0.025462155563306593
0 0.7459016393442622 0.5078479246599232 0.033135681897453785 0.024415765608650157
0 0.13707708405999303 0.5810952214858738 0.0355772584583188 0.043948378095570284
0 0.7603767003836763 0.6170212765957447 0.02999651203348448 0.019532612486920127
0 0.8623997209626787 0.5777816532961283 0.05964422741541681 0.02336937565399372
0 0.7663062434600628 0.6632368329264039 0.029298918730380187 0.01709103592605511
