0 0.6972117794486216 0.5043859649122807 0.041040100250626564 0.043233082706766915
0 0.6162280701754386 0.5473057644110275 0.041979949874686714 0.044486215538847115
0 0.4588032581453634 0.56296992481203 0.07988721804511278 0.07957393483709273
0 0.3981829573934837 0.5548245614035088 0.03383458646616541 0.03195488721804511
0 0.3339598997493734 0.5150375939849624 0.040726817042606514 0.041353383458646614
0 0.4257518796992481 0.4658521303258145 0.039473684210526314 0.040726817042606514
0 0.4639724310776942 0.4356203007518797 0.02944862155388471 0.03164160401002506
0 0.5095551378446115 0.3840852130325814 0.08239348370927319 0.09085213032581453
0 0.4205827067669173 0.6533521303258145 0.1325187969924812 0.1268796992481203
0 0.7744360902255638 0.41525689223057644 0.03320802005012531 0.03289473684210526
0 0.7554824561403508 0.39348370927318294 0.06422305764411027 0.05388471177944862
0 0.6481829573934836 0.4006892230576441 0.20238095238095238 0.17418546365914786
