0 0.6703563714902808 0.6003787878787878 0.052375809935205186 0.09848484848484848
0 0.5851781857451405 0.7170928030303031 0.05264578833693305 0.08854166666666667
0 0.46112311015118795 0.6041666666666666 0.11015118790496761 0.18371212121212122
0 0.38039956803455727 0.5700757575757576 0.04859611231101512 0.07670454545454546
0 0.25877429805615554 0.43087121212121215 0.056965442764578836 0.09848484848484848
0 0.1677915766738661 0.5447443181818182 0.07802375809935205 0.12452651515151515
0 0.38593412526997845 0.8087121212121212 0.18817494600431967 0.3020833333333333
0 0.576268898488121 0.5795454545454546 0.05210583153347732 0.09659090909090909
0 0.5506209503239741 0.39820075757575757 0.06830453563714903 0.125
0 0.4404697624190065 0.3681344696969697 0.053725701943844496 0.09422348484848485
0 0.5535907127429806 0.20099431818181818 0.10556155507559396 0.2021780303030303
0 0.4914956803455724 0.3072916666666667 0.03806695464362851 0.07102272727272728
0 0.9106371490280778 0.3250473484848485 0.044816414686825054 0.07528409090909091
0 0.8864740820734341 0.27320075757575757 0.0882829373650108 0.11268939393939394
0 0.7366360691144709 0.2682291666666667 0.2778077753779698 0.38020833333333337
