0 0.3710921640276086 0.6645004061738424 0.18351603735282176 0.17627944760357434
0 0.7805521721477873 0.40861088545897645 0.24807145757206658 0.21933387489845652
0 0.595818107998376 0.32554833468724614 0.11896061713357693 0.12388302193338749
0 0.7015834348355664 0.6060113728675873 0.05115712545676005 0.059301380991064176
0 0.47442143727161995 0.5471161657189276 0.10515631343889566 0.11454102355808285
0 0.39118960617133575 0.5026401299756296 0.04831506293138449 0.04508529650690495
0 0.45513601299228584 0.40129975629569453 0.05440519691433211 0.054427294882209584
0 0.9443767762890783 0.4916734362307067 0.035728786033292735 0.03777416734362307
0 0.9238733252131547 0.4518683996750609 0.07348761672756801 0.062144597887896016
0 0.5166463662200569 0.3811941510966694 0.04100690215184734 0.04183590576766856
