0 0.8270833333333334 0.45565476190476195 0.11607142857142858 0.09107142857142858
0 0.7413690476190476 0.4741071428571429 0.0505952380952381 0.04583333333333334
0 0.574404761904762 0.43988095238095243 0.04047619047619048 0.04404761904761905
0 0.455952380952381 0.46130952380952384 0.06190476190476191 0.05952380952380953
0 0.3916666666666667 0.5672619047619049 0.045238095238095244 0.05
0 0.31815476190476194 0.6833333333333333 0.0505952380952381 0.04285714285714286
0 0.05178571428571429 0.5351190476190477 0.05 0.051190476190476196
0 0.6636904761904763 0.3133928571428572 0.0380952380952381 0.03392857142857143
0 0.7107142857142857 0.5767857142857143 0.04404761904761905 0.04404761904761905
0 0.5080357142857144 0.5383928571428572 0.1386904761904762 0.13511904761904764
