2 0.6849315068493151 0.4197869101978691 0.13637747336377476 0.12054794520547946
2 0.5748858447488585 0.4109589041095891 0.05996955859969559 0.08280060882800609
2 0.5047184170471842 0.3401826484018265 0.15464231354642316 0.1360730593607306
2 0.3270928462709285 0.32526636225266364 0.2213089802130898 0.15007610350076106
2 0.219482496194825 0.3993911719939118 0.13881278538812786 0.1844748858447489
2 0.44368340943683415 0.5555555555555556 0.15555555555555556 0.14611872146118723
2 0.5671232876712329 0.5415525114155252 0.05418569254185693 0.06392694063926942
2 0.6645357686453578 0.5768645357686454 0.11933028919330291 0.13211567732115678
2 0.7611872146118722 0.6041095890410959 0.05631659056316591 0.05327245053272451
2 0.8375951293759514 0.602130898021309 0.039269406392694065 0.05418569254185693
2 0.8366818873668189 0.4353120243531203 0.03500761035007611 0.034703196347031964
