0 0.3590861527729334 0.42797349145448205 0.11545169166376003 0.09975584234391349
0 0.38943146145797 0.40320892919427975 0.07080572026508546 0.0711545169166376
0 0.45657481688175794 0.48744332054412276 0.0774328566445762 0.09731426578304848
0 0.4938960585978375 0.5106382978723404 0.032089291942797346 0.03418207185211022
0 0.5074991280083712 0.43181025462155564 0.03487966515521451 0.03976281827694454
0 0.5824904080920823 0.37408440878967564 0.09347750261597489 0.07987443320544123
0 0.6369026857342169 0.3937914196023718 0.048133937914196026 0.050924311126613185
0 0.6278339727938612 0.4250087199162888 0.0495291245204046 0.0533658876874782
0 0.6986396930589466 0.553017091035926 0.053017091035926056 0.05755144750610394
0 0.6583536798046739 0.5413324032089292 0.026857342169515172 0.03139169863969306
0 0.7397976979420997 0.4319846529473317 0.0355772584583188 0.03732124171607953
0 0.40460411580048833 0.656260899895361 0.032089291942797346 0.0394140216253924
0 0.2670038367631671 0.5495291245204046 0.035926055109870944 0.0394140216253924
0 0.26665504011161495 0.4161144053017091 0.0394140216253924 0.03976281827694454
0 0.8249040809208231 0.6011510289501221 0.03487966515521451 0.03383327520055807
0 0.2261946285315661 0.5244157656086501 0.03383327520055807 0.0324380885943495
0 0.1512033484478549 0.4482036972445064 0.05406348099058249 0.03627485176142309
0 0.20945238925706314 0.5704569236135333 0.0317404952912452 0.029647715381932335
