0 0.6352591792656588 0.5374053030303031 0.041576673866090715 0.08712121212121213
0 0.5799136069114471 0.6484375 0.038336933045356375 0.0771780303030303
0 0.4995950323974082 0.5745738636363636 0.07856371490280778 0.15861742424242425
0 0.44843412526997845 0.5594223484848485 0.035097192224622036 0.06676136363636363
0 0.361366090712743 0.4545454545454546 0.03914686825053996 0.09090909090909091
0 0.2984611231101512 0.5665246212121212 0.06344492440604751 0.1084280303030303
0 0.4393898488120951 0.7466856060606061 0.15955723542116632 0.23579545454545456
0 0.5726241900647948 0.5340909090909091 0.04049676025917927 0.08522727272727273
0 0.5481911447084233 0.38589015151515155 0.05102591792656588 0.10890151515151515
0 0.4711123110151188 0.36860795454545453 0.03995680345572354 0.08948863636363637
0 0.541036717062635 0.24266098484848486 0.0755939524838013 0.14820075757575757
0 0.5017548596112311 0.3125 0.027807775377969763 0.05681818181818182
0 0.8064254859611232 0.34019886363636365 0.03401727861771058 0.054450757575757576
0 0.78536717062635 0.30516098484848486 0.06533477321814256 0.08570075757575758
0 0.6754859611231102 0.29640151515151514 0.20248380129589635 0.28882575757575757
