0 0.3205440519691433 0.3574329813160032 0.15712545676004872 0.148659626320065
0 0.7438083637840033 0.564378554021121 0.25091352009744217 0.19374492282696992
0 0.5883069427527405 0.6608448415922015 0.09419407226958992 0.11129163281884646
0 0.6272838002436053 0.3941917140536149 0.04709703613479496 0.05158407798537774
0 0.4250913520097442 0.4561332250203087 0.09825416159155502 0.09748172217709179
0 0.3509947218838814 0.4957351746547522 0.04425497360941941 0.04183590576766856
0 0.4423467316280958 0.5987002437043054 0.047503045066991476 0.05117790414297319
0 0.9009338205440519 0.4731925264012997 0.03816483962647178 0.036555645816409424
0 0.8844904587900934 0.512591389114541 0.08079577750710515 0.05605199025182778
0 0.5075111652456354 0.6194151096669375 0.034916768168899714 0.03899268887083672
