0 0.7395050125313283 0.49122807017543857 0.04855889724310777 0.05388471177944862
0 0.6473997493734336 0.5405701754385964 0.04981203007518797 0.05545112781954887
0 0.4725877192982456 0.5559210526315789 0.09555137844611528 0.10181704260651628
0 0.4074248120300752 0.5435463659147869 0.040413533834586464 0.040726817042606514
0 0.34038220551378445 0.5020363408521303 0.044799498746867165 0.042293233082706765
0 0.44674185463659144 0.44940476190476186 0.043233082706766915 0.041040100250626564
0 0.4896616541353383 0.419016290726817 0.03132832080200501 0.03101503759398496
0 0.5419799498746867 0.369047619047619 0.08897243107769423 0.08959899749373433
0 0.4149436090225564 0.6672932330827067 0.1544486215538847 0.14912280701754385
0 0.8308270676691729 0.39364035087719296 0.03571428571428571 0.03226817042606516
0 0.8106203007518796 0.3732769423558897 0.06986215538847118 0.05357142857142857
0 0.6929824561403508 0.3822055137844611 0.22117794486215536 0.17230576441102757
