0 0.7794642857142858 0.4303571428571429 0.1005952380952381 0.0880952380952381
0 0.7107142857142857 0.45952380952380956 0.048809523809523817 0.045238095238095244
0 0.5568452380952381 0.4598214285714286 0.04107142857142858 0.044642857142857144
0 0.45119047619047625 0.49404761904761907 0.05714285714285715 0.055952380952380955
0 0.40416666666666673 0.59375 0.04285714285714286 0.048214285714285716
0 0.35000000000000003 0.7026785714285715 0.04642857142857143 0.04107142857142858
0 0.09732142857142859 0.5619047619047619 0.04583333333333334 0.045238095238095244
0 0.611904761904762 0.3267857142857143 0.03333333333333334 0.03214285714285715
0 0.6946428571428572 0.5738095238095239 0.04404761904761905 0.045238095238095244
0 0.5074404761904763 0.5675595238095239 0.13511904761904764 0.14345238095238097
