2 0.7054794520547946 0.3736681887366819 0.19573820395738206 0.1452054794520548
2 0.5610350076103501 0.3581430745814308 0.08097412480974125 0.11537290715372908
2 0.4838660578386606 0.29117199391171994 0.1920852359208524 0.2073059360730594
2 0.28812785388127854 0.2858447488584475 0.26818873668188736 0.1984779299847793
2 0.16986301369863016 0.3736681887366819 0.1844748858447489 0.234703196347032
2 0.41324200913242015 0.556316590563166 0.1859969558599696 0.2073059360730594
2 0.5514459665144598 0.5176560121765602 0.06971080669710808 0.09467275494672756
2 0.660730593607306 0.5508371385083715 0.15799086757990868 0.17503805175038054
2 0.778234398782344 0.5986301369863014 0.07945205479452055 0.08188736681887368
2 0.8730593607305936 0.6207001522070016 0.05601217656012177 0.07671232876712329
2 0.8899543378995435 0.41796042617960427 0.049010654490106546 0.04870624048706241
