0 0.27976190476190477 0.43125 0.10357142857142858 0.09464285714285715
0 0.3529761904761905 0.4395833333333334 0.05 0.048214285714285716
0 0.46130952380952384 0.5252976190476191 0.0380952380952381 0.04583333333333334
0 0.5699404761904763 0.5553571428571429 0.06726190476190477 0.05952380952380953
0 0.6607142857142858 0.49940476190476196 0.048809523809523817 0.048809523809523817
0 0.7532738095238096 0.44136904761904766 0.04702380952380953 0.042261904761904764
0 0.8690476190476192 0.6806547619047619 0.0380952380952381 0.04107142857142858
0 0.3604166666666667 0.6011904761904763 0.031547619047619054 0.034523809523809526
0 0.42261904761904767 0.3547619047619048 0.04166666666666667 0.04642857142857143
0 0.5586309523809524 0.4651785714285715 0.14464285714285716 0.14583333333333334
