0 0.3518067397482745 0.3044272948822096 0.17661388550548113 0.17018683996750608
0 0.7505075111652456 0.6169780666125101 0.28136419001218027 0.2266450040617384
0 0.5564352415753147 0.6779041429731925 0.11327649208282582 0.12672623883021933
0 0.6753958587088916 0.41043866774979687 0.056435241575314654 0.05970755483346872
0 0.4350385708485587 0.43013809910641754 0.11084043848964677 0.10722989439480098
0 0.3467316280958181 0.45572705117790413 0.048721071863580996 0.045491470349309504
0 0.4149411287048315 0.5806255077173029 0.0535931790499391 0.05564581640942323
0 0.9336175395858709 0.5609260763606824 0.04100690215184734 0.04142973192526401
0 0.9086479902557856 0.5982940698619008 0.08444985789687373 0.06580016246953696
0 0.47807551766138856 0.6157595450852965 0.040194884287454324 0.04305442729488221
