2 0.6359208523592086 0.6625570776255708 0.1467275494672755 0.1299847792998478
2 0.530441400304414 0.6222222222222222 0.06849315068493152 0.08888888888888889
2 0.4321156773211568 0.6575342465753425 0.16590563165905634 0.14611872146118723
2 0.26225266362252664 0.5879756468797566 0.23835616438356166 0.17625570776255708
2 0.20136986301369864 0.46681887366818875 0.16225266362252666 0.20791476407914766
2 0.4792998477929985 0.4298325722983258 0.1634703196347032 0.1589041095890411
2 0.5799086757990868 0.49863013698630143 0.056621004566210054 0.06636225266362253
2 0.6820395738203958 0.5097412480974125 0.13485540334855403 0.13789954337899546
2 0.788888888888889 0.5284627092846271 0.06544901065449012 0.05722983257229833
2 0.8631659056316592 0.5656012176560122 0.04474885844748859 0.05905631659056317
2 0.7809741248097413 0.7202435312024353 0.03805175038051751 0.038356164383561646
