0 0.8035714285714285 0.50015664160401 0.06015037593984962 0.05858395989974937
0 0.6895363408521303 0.5568609022556391 0.06203007518796992 0.06046365914786967
0 0.4595864661654135 0.5841165413533834 0.11716791979949874 0.11184210526315788
0 0.37092731829573933 0.5759711779448621 0.04824561403508772 0.046052631578947366
0 0.28023182957393483 0.5206766917293233 0.05795739348370927 0.05889724310776942
0 0.41353383458646614 0.4514411027568922 0.05576441102756892 0.05701754385964912
0 0.4666353383458646 0.41102756892230574 0.041040100250626564 0.043233082706766915
0 0.5303884711779449 0.34226190476190477 0.11591478696741854 0.1262531328320802
0 0.4022556390977443 0.7124060150375939 0.19110275689223055 0.18233082706766918
0 0.9097744360902256 0.38424185463659144 0.04824561403508772 0.044172932330827065
0 0.8806390977443609 0.35667293233082703 0.09273182957393483 0.07299498746867167
0 0.7285401002506265 0.36544486215538846 0.28853383458646614 0.23715538847117792
