0 0.6888733868154866 0.6257411928845483 0.14021625392396234 0.1144053017091036
0 0.6532961283571678 0.6581792814788978 0.08929194279734914 0.08022322985699337
0 0.564876177188699 0.5409836065573771 0.10010463899546564 0.10603418207185211
0 0.5167422392745029 0.5027903732124172 0.04150680153470527 0.03662364841297523
0 0.5041855598186258 0.596267875828392 0.04220439483780956 0.04150680153470527
0 0.4211719567492152 0.6498081618416464 0.10987094523892571 0.0788280432507848
0 0.3575165678409487 0.613010115102895 0.0572026508545518 0.05266829438437391
0 0.36606208580397626 0.576909661667248 0.05964422741541681 0.055807464248343215
0 0.2680502267178235 0.4204743634461109 0.067317753749564 0.06243460062783397
0 0.3228113010115103 0.42954307638646666 0.03453086850366236 0.035228461806766656
0 0.22584583188001395 0.5622602023020579 0.045692361353331004 0.03976281827694454
0 0.6238228113010115 0.3479246599232647 0.040809208231600974 0.042901988140913845
0 0.7959539588419952 0.4839553540286013 0.03976281827694454 0.0394140216253924
0 0.7992675270317405 0.6306243460062784 0.04359958144401814 0.03976281827694454
0 0.10603418207185211 0.36885245901639346 0.043948378095570284 0.044994768050226716
0 0.8435647017788629 0.5034879665155214 0.03732124171607953 0.0317404952912452
0 0.9339030345308685 0.5819672131147541 0.06801534705266829 0.045692361353331004
0 0.8620509243111266 0.4497732821764911 0.035228461806766656 0.028950122078828043
