0 0.39349352051835856 0.42424242424242425 0.03806695464362851 0.06912878787878789
0 0.45950323974082075 0.3515625 0.035097192224622036 0.059185606060606064
0 0.5440064794816415 0.43205492424242425 0.07127429805615551 0.12642045454545456
0 0.5982721382289418 0.45430871212121215 0.03185745140388769 0.05350378787878788
0 0.6789956803455724 0.5506628787878788 0.035637149028077755 0.06723484848484848
0 0.738525917926566 0.46709280303030304 0.04940604751619871 0.08475378787878789
0 0.5953023758099353 0.2857481060606061 0.12041036717062635 0.2021780303030303
0 0.463012958963283 0.4479166666666667 0.03725701943844493 0.06818181818181818
0 0.47664686825054 0.5764678030303031 0.04940604751619871 0.08854166666666667
0 0.5558855291576674 0.6025094696969697 0.0367170626349892 0.06676136363636363
0 0.46679265658747304 0.7192234848484849 0.07829373650107992 0.13825757575757577
0 0.5171436285097193 0.6458333333333334 0.028347732181425486 0.05113636363636364
0 0.22381209503239743 0.6060606060606061 0.03347732181425486 0.06818181818181818
0 0.23960583153347734 0.657907196969697 0.06452483801295897 0.10274621212121213
0 0.3435475161987041 0.6598011363636364 0.18763498920086394 0.27698863636363635
