0 0.6421436285097193 0.5705492424242424 0.0423866090712743 0.06723484848484848
0 0.5692494600431965 0.6522253787878788 0.040226781857451405 0.06865530303030304
0 0.47651187904967607 0.5724431818181819 0.08099352051835854 0.12121212121212122
0 0.4156317494600432 0.5501893939393939 0.03644708423326134 0.05113636363636364
0 0.3201943844492441 0.45028409090909094 0.041576673866090715 0.07291666666666667
0 0.2564794816414687 0.5331439393939394 0.05453563714902808 0.08238636363636363
0 0.416036717062635 0.7251420454545455 0.14038876889848814 0.22774621212121213
0 0.5669546436285098 0.5549242424242424 0.041576673866090715 0.06628787878787878
0 0.5456263498920086 0.42542613636363635 0.05615550755939525 0.09611742424242424
0 0.4553185745140389 0.4012784090909091 0.0423866090712743 0.07149621212121213
0 0.5441414686825055 0.2715435606060606 0.08072354211663067 0.16240530303030304
0 0.4946004319654428 0.35511363636363635 0.03023758099352052 0.05587121212121212
0 0.8162796976241901 0.38257575757575757 0.033747300215982726 0.054924242424242424
0 0.7953563714902808 0.34280303030303033 0.06479481641468683 0.08238636363636363
0 0.6854751619870411 0.3307291666666667 0.20464362850971923 0.28740530303030304
