0 0.6787582839204743 0.5359260551098709 0.12347401464945937 0.10987094523892571
0 0.6705615626089989 0.4918032786885246 0.08196721311475409 0.08022322985699337
0 0.55284269271015 0.5254621555633066 0.09696546913149634 0.10708057202650854
0 0.49965120334844787 0.5235437739797698 0.040111614928496686 0.03767003836763167
0 0.5362748517614231 0.4441925357516568 0.0394140216253924 0.04220439483780956
0 0.504708754795954 0.3519358214161144 0.0990582490408092 0.08022322985699337
0 0.44297174747122425 0.34094872689222183 0.050924311126613185 0.047785141262643875
0 0.4312870596442274 0.37321241716079523 0.0533658876874782 0.05231949773282176
0 0.2889780258109522 0.4407045692361353 0.06103941402162539 0.06103941402162539
0 0.33170561562608997 0.4586675967910708 0.03139169863969306 0.03418207185211022
0 0.317404952912452 0.30484827345657484 0.043948378095570284 0.039065224973840254
0 0.5061039414021625 0.7091035926055109 0.0355772584583188 0.04185559818625741
0 0.6822462504359958 0.704220439483781 0.03487966515521451 0.03767003836763167
0 0.7567143355423788 0.5912103243808859 0.03732124171607953 0.03767003836763167
0 0.14911056853854202 0.3995465643529822 0.04150680153470527 0.04220439483780956
0 0.7244506452738053 0.7131147540983607 0.032089291942797346 0.030345308685036623
0 0.8257760725497035 0.6977677014300663 0.05824904080920823 0.04429717474712243
0 0.7106731775374956 0.764387861876526 0.030345308685036623 0.027554935472619464
