0 0.3601190476190476 0.6340852130325814 0.05106516290726817 0.043859649122807015
0 0.45238095238095233 0.6132518796992481 0.03884711779448621 0.03853383458646616
0 0.575187969924812 0.5349310776942355 0.08583959899749373 0.08552631578947367
0 0.6184210526315789 0.4871553884711779 0.041353383458646614 0.040726817042606514
0 0.6506892230576441 0.41275062656641603 0.043233082706766915 0.043546365914786965
0 0.5581140350877193 0.43295739348370926 0.04981203007518797 0.05137844611528822
0 0.5164473684210527 0.4381265664160401 0.03665413533834586 0.03853383458646616
0 0.4614661654135338 0.43045112781954886 0.10087719298245613 0.10714285714285714
0 0.6434837092731829 0.5866228070175439 0.14097744360902253 0.1362781954887218
0 0.23370927318295737 0.6311090225563909 0.03822055137844611 0.03352130325814536
0 0.23652882205513784 0.6046365914786967 0.07268170426065163 0.05639097744360902
0 0.3464912280701754 0.5372807017543859 0.23057644110275688 0.17543859649122806
