2 0.7184170471841705 0.6945205479452056 0.17777777777777778 0.15190258751902588
2 0.5678843226788433 0.6558599695585997 0.09528158295281584 0.10745814307458144
2 0.4207001522070016 0.7057838660578387 0.25449010654490106 0.19573820395738206
2 0.16316590563165906 0.6398782343987824 0.3263318112633181 0.1936073059360731
2 0.08295281582952817 0.5001522070015221 0.16590563165905634 0.2484018264840183
2 0.45449010654490113 0.4182648401826484 0.22770167427701676 0.19299847792998479
2 0.6185692541856926 0.49543378995433796 0.07123287671232878 0.08188736681887368
2 0.7558599695585998 0.4916286149162862 0.1528158295281583 0.16742770167427704
2 0.8873668188736683 0.49117199391172 0.07245053272450533 0.06788432267884323
2 0.9788432267884324 0.519482496194825 0.04170471841704719 0.06910197869101979
2 0.9121765601217657 0.7264840182648402 0.04170471841704719 0.04353120243531203
