0 0.2267857142857143 0.43988095238095243 0.09285714285714286 0.0761904761904762
0 0.2866071428571429 0.45119047619047625 0.04583333333333334 0.03928571428571429
0 0.40684523809523815 0.5229166666666667 0.042261904761904764 0.03869047619047619
0 0.49940476190476196 0.5479166666666667 0.05833333333333334 0.04940476190476191
0 0.574404761904762 0.5017857142857143 0.045238095238095244 0.04285714285714286
0 0.6797619047619048 0.45625000000000004 0.04404761904761905 0.03630952380952381
0 0.7925595238095239 0.6580357142857144 0.03511904761904762 0.03273809523809524
0 0.330952380952381 0.5898809523809524 0.03333333333333334 0.028571428571428574
0 0.3616071428571429 0.38660714285714287 0.044642857142857144 0.039880952380952385
0 0.49077380952380956 0.4735119047619048 0.13035714285714287 0.12440476190476192
