0 0.29464285714285715 0.6333020050125313 0.046052631578947366 0.047305764411027566
0 0.3995927318295739 0.625 0.047932330827067667 0.04887218045112782
0 0.5700187969924811 0.5446428571428571 0.09241854636591479 0.09116541353383459
0 0.6271929824561403 0.49921679197994984 0.039473684210526314 0.03728070175438596
0 0.6685463659147869 0.4196428571428571 0.047619047619047616 0.047932330827067667
0 0.5430764411027569 0.4282581453634085 0.046052631578947366 0.046365914786967416
0 0.48746867167919794 0.4226190476190476 0.03320802005012531 0.03508771929824561
0 0.41290726817042606 0.4016290726817042 0.09461152882205513 0.10150375939849623
0 0.6658834586466165 0.6102756892230576 0.1531954887218045 0.14536340852130325
0 0.16713659147869672 0.5950814536340852 0.03728070175438596 0.03602756892230576
0 0.17387218045112782 0.5625 0.07268170426065163 0.05795739348370927
0 0.2844611528822055 0.5034461152882205 0.23057644110275688 0.18734335839598998
