2 0.6604261796042619 0.626027397260274 0.12937595129375953 0.10502283105022832
2 0.5477929984779301 0.612937595129376 0.052054794520547946 0.07336377473363775
2 0.4584474885844749 0.6706240487062406 0.14733637747336378 0.1315068493150685
2 0.2757990867579909 0.6473363774733638 0.22039573820395741 0.13789954337899546
2 0.1904109589041096 0.55220700152207 0.12328767123287672 0.17290715372907156
2 0.45601217656012183 0.4550989345509894 0.1467275494672755 0.13333333333333333
2 0.5751902587519027 0.4952815829528159 0.049010654490106546 0.056621004566210054
2 0.6818873668188737 0.4814307458143075 0.10898021308980214 0.11598173515981736
2 0.7858447488584476 0.4754946727549468 0.05327245053272451 0.04627092846270929
2 0.8616438356164384 0.49101978691019793 0.033789954337899546 0.047488584474885846
2 0.8164383561643836 0.6392694063926941 0.032267884322678846 0.029832572298325727
