0 0.3512382281130101 0.4244855249389606 0.0927799093128706 0.06906173700732472
0 0.3692012556679456 0.3943146145797 0.05685385420299965 0.049877921171956746
0 0.45273805371468434 0.46825950470875477 0.0634809905824904 0.07289850017439832
0 0.4938960585978375 0.4900592954307639 0.027206138821067316 0.023718172305545866
0 0.48325776072549703 0.41768399023369374 0.027554935472619464 0.02825252877572375
0 0.5286013254272759 0.3646668991977677 0.07429368678060691 0.047785141262643875
0 0.5788280432507847 0.3828043250784792 0.03662364841297523 0.03453086850366236
0 0.5802232298569934 0.4115800488315312 0.038018835019183815 0.03697244506452738
0 0.6764911056853854 0.5132542727589815 0.040809208231600974 0.038018835019183815
0 0.6377746773630973 0.5151726543425184 0.01988140913847227 0.021625392396232995
0 0.6770143006627136 0.4016393442622951 0.02999651203348448 0.02615974886641088
0 0.43721660272061386 0.6051621904429717 0.024066968957098013 0.025113358911754445
0 0.2985699337286362 0.5376700383676316 0.024415765608650157 0.02336937565399372
0 0.2732821764911057 0.4358214161144053 0.02825252877572375 0.0247645622602023
0 0.8010115102895012 0.521625392396233 0.027554935472619464 0.02615974886641088
0 0.26194628531566094 0.5306941053365888 0.023718172305545866 0.0177886292291594
0 0.1873038018835019 0.490408092082316 0.046041158004883155 0.024415765608650157
0 0.25706313219393095 0.5692361353331008 0.022322985699337286 0.016742239274502965
