0 0.8574404761904763 0.61875 0.11250000000000002 0.10297619047619049
0 0.7809523809523811 0.6116071428571429 0.05476190476190477 0.05178571428571429
0 0.6264880952380953 0.5410714285714286 0.0625 0.05952380952380953
0 0.46666666666666673 0.524702380952381 0.08690476190476192 0.07916666666666668
0 0.32648809523809524 0.599107142857143 0.06607142857142857 0.06726190476190477
0 0.19226190476190477 0.6657738095238096 0.05833333333333334 0.05773809523809524
0 0.030654761904761907 0.35267857142857145 0.05416666666666667 0.056547619047619055
0 0.7797619047619049 0.4428571428571429 0.036904761904761905 0.036904761904761905
0 0.6949404761904763 0.7089285714285715 0.04940476190476191 0.051190476190476196
0 0.4785714285714286 0.6211309523809524 0.20595238095238097 0.19464285714285717
