0 0.4138768898488121 0.40861742424242425 0.04211663066954644 0.07386363636363637
0 0.4920356371490281 0.3771306818181818 0.03914686825053996 0.06486742424242424
0 0.5421166306695465 0.5073390151515151 0.07451403887688986 0.12452651515151515
0 0.5827483801295896 0.5658143939393939 0.02996760259179266 0.04734848484848485
0 0.6372840172786177 0.7012310606060607 0.033747300215982726 0.06060606060606061
0 0.705183585313175 0.6740056818181819 0.04643628509719223 0.07623106060606061
0 0.6271598272138229 0.4088541666666667 0.1349892008639309 0.21732954545454547
0 0.46652267818574517 0.4696969696969697 0.04049676025917927 0.07007575757575758
0 0.45288876889848817 0.5864109848484849 0.045626349892008644 0.0790719696969697
0 0.5187634989200864 0.6574337121212122 0.03482721382289417 0.059185606060606064
0 0.41752159827213825 0.6929450757575758 0.07748380129589633 0.12736742424242425
0 0.47732181425485964 0.6666666666666667 0.025377969762419007 0.04450757575757576
0 0.22799676025917928 0.45809659090909094 0.028887688984881213 0.04498106060606061
0 0.23353131749460046 0.49763257575757575 0.058315334773218146 0.06912878787878789
0 0.3170896328293737 0.5672348484848485 0.18169546436285097 0.23674242424242425
