0 0.35464880227365003 0.6580016246953696 0.14413317092976044 0.1421608448415922
0 0.7231019082419813 0.41064175467099917 0.24685343077547706 0.1811535337124289
0 0.5759236703207471 0.3476848090982941 0.09622411693057246 0.10073111291632818
0 0.6374340235485181 0.5810316815597075 0.055217214778725134 0.04752233956133225
0 0.439301664636622 0.5590982940698619 0.10069021518473406 0.09138911454102355
0 0.365814047909054 0.5420389926888708 0.04628501827040195 0.041023558082859464
0 0.4462038164839626 0.4285134037367993 0.05115712545676005 0.05117790414297319
0 0.8895655704425497 0.4616165718927701 0.04628501827040195 0.033712428919577576
0 0.8593179049939098 0.4325751421608448 0.09378806333739342 0.05361494719740049
0 0.5050751116524563 0.39662875710804224 0.034916768168899714 0.03614947197400487
