0 0.6159557235421167 0.40151515151515155 0.031587473002159826 0.058712121212121215
0 0.5485961123110151 0.35061553030303033 0.029697624190064796 0.05066287878787879
0 0.4731371490280778 0.46070075757575757 0.06398488120950324 0.10511363636363637
0 0.42008639308855295 0.5056818181818182 0.029697624190064796 0.043560606060606064
0 0.34449244060475165 0.6339962121212122 0.032397408207343416 0.05681818181818182
0 0.2786177105831534 0.5816761363636364 0.04535637149028078 0.07054924242424243
0 0.4103671706263499 0.34303977272727276 0.11015118790496761 0.1709280303030303
0 0.552780777537797 0.44460227272727276 0.031047516198704106 0.05776515151515152
0 0.5502159827213823 0.5712594696969697 0.041576673866090715 0.07433712121212122
0 0.4734071274298056 0.6257102272727273 0.033747300215982726 0.05539772727272727
0 0.5676295896328294 0.6998106060606061 0.06560475161987041 0.12121212121212122
0 0.5151187904967602 0.6496212121212122 0.02429805615550756 0.04261363636363637
0 0.7830723542116631 0.5099431818181819 0.025107991360691147 0.043560606060606064
0 0.7721382289416847 0.5520833333333334 0.05183585313174946 0.061553030303030304
0 0.6802105831533478 0.6003787878787878 0.15793736501079914 0.20928030303030304
