0 0.33637840032480715 0.6348497156783103 0.1368250101502233 0.1437855402112104
0 0.7222898903775883 0.3911454102355808 0.2346731628095818 0.17709179528838342
0 0.5609013398294762 0.33753046303818035 0.09216402760860738 0.10073111291632818
0 0.6236297198538368 0.5550365556458163 0.04628501827040195 0.04589764419171405
0 0.4232643118148599 0.531072298943948 0.08972797401542834 0.07839155158407798
0 0.352212748680471 0.5030463038180341 0.040194884287454324 0.03290008123476848
0 0.43057247259439707 0.40922014622258324 0.04344295574502639 0.041023558082859464
0 0.8822574096630126 0.4567424857839155 0.034916768168899714 0.04346060113728676
0 0.8627689809175801 0.41531275385865146 0.07551766138855055 0.058895207148659624
0 0.48964677222898906 0.3864744110479285 0.032480714575720666 0.032087733549959384
