0 0.38001395186606207 0.49319846529473316 0.09173351935821417 0.07813044994768051
0 0.39361702127659576 0.4597139867457272 0.06662016044645971 0.060690617370073245
0 0.46599232647366584 0.507324729682595 0.0572026508545518 0.07708405999302406
0 0.49773282176491107 0.5169166376002791 0.023020579002441578 0.024415765608650157
0 0.4916288803627485 0.44628531566096963 0.025462155563306593 0.0317404952912452
0 0.5310429019881409 0.3754795953958842 0.06662016044645971 0.05615626089989536
0 0.5709801185908615 0.37774677363097314 0.03418207185211022 0.039065224973840254
0 0.5706313219393093 0.4072200906871294 0.0355772584583188 0.04150680153470527
0 0.6531217300313917 0.4834321590512731 0.05406348099058249 0.0425531914893617
0 0.6137077084059993 0.49581444018137427 0.01918381583536798 0.0247645622602023
0 0.665852807813045 0.36798046738751305 0.046041158004883155 0.03069410533658877
0 0.46825950470875477 0.653993721660272 0.021974189047785142 0.029298918730380187
0 0.33937914196023716 0.6198116498081618 0.027903732124171608 0.027903732124171608
0 0.3041506801534705 0.521625392396233 0.02999651203348448 0.02825252877572375
0 0.8313568189745378 0.468782699686083 0.04220439483780956 0.032089291942797346
0 0.2992675270317405 0.6161492849668643 0.027206138821067316 0.021974189047785142
0 0.21328915242413674 0.5814440181374259 0.05127310777816533 0.03139169863969306
0 0.29682595047087545 0.6559121032438089 0.025810952214858737 0.01988140913847227
