0 0.7587719298245613 0.5097117794486216 0.05451127819548872 0.05889724310776942
0 0.6586779448621554 0.568765664160401 0.05545112781954887 0.06046365914786967
0 0.4613095238095238 0.5979010025062657 0.10181704260651628 0.10557644110275688
0 0.38533834586466165 0.5874060150375939 0.043233082706766915 0.042606516290726815
0 0.3049812030075188 0.5358709273182957 0.05231829573934837 0.05482456140350877
0 0.4205827067669173 0.47368421052631576 0.05043859649122807 0.05263157894736842
0 0.4664786967418546 0.4370300751879699 0.03696741854636591 0.040100250626566414
0 0.5203634085213033 0.3695175438596491 0.10776942355889724 0.118734335839599
0 0.4140037593984962 0.7124060150375939 0.1651002506265664 0.16416040100250626
0 0.850093984962406 0.38925438596491224 0.043546365914786965 0.044172932330827065
0 0.8239348370927317 0.3607456140350877 0.08333333333333333 0.07299498746867167
0 0.6906328320802004 0.3775062656641604 0.2615914786967418 0.23308270676691728
