2 0.3704718417047185 0.3103500761035008 0.18569254185692544 0.16894977168949774
2 0.49330289193302895 0.36179604261796044 0.08310502283105023 0.10197869101978692
2 0.5995433789954339 0.3245053272450533 0.1969558599695586 0.18082191780821918
2 0.7963470319634703 0.41415525114155255 0.2964992389649924 0.2182648401826484
2 0.8742770167427703 0.5663622526636226 0.21613394216133944 0.2517503805175038
2 0.5461187214611872 0.5939117199391173 0.2088280060882801 0.20091324200913244
2 0.423744292237443 0.5059360730593607 0.07853881278538813 0.08767123287671233
2 0.2914764079147641 0.4920852359208524 0.169558599695586 0.1829528158295282
2 0.16681887366818876 0.4700152207001522 0.07792998477929985 0.07610350076103502
2 0.08295281582952817 0.42633181126331815 0.058143074581430754 0.07275494672754948
2 0.18675799086757994 0.23729071537290716 0.05144596651445967 0.04961948249619483
