0 0.2571428571428572 0.5842261904761905 0.1142857142857143 0.09821428571428573
0 0.325 0.574702380952381 0.055952380952380955 0.0505952380952381
0 0.45505952380952386 0.4904761904761905 0.048214285714285716 0.048809523809523817
0 0.5553571428571429 0.4651785714285715 0.06666666666666668 0.061309523809523814
0 0.6238095238095238 0.5208333333333334 0.051190476190476196 0.04761904761904762
0 0.7002976190476191 0.5788690476190477 0.05178571428571429 0.042261904761904764
0 0.8738095238095239 0.3282738095238096 0.05 0.044642857142857144
0 0.362202380952381 0.39821428571428574 0.03273809523809524 0.029761904761904764
0 0.3726190476190476 0.6648809523809525 0.051190476190476196 0.045238095238095244
0 0.5291666666666667 0.5565476190476191 0.15833333333333335 0.14404761904761906
