0 0.6945488721804511 0.4263784461152882 0.03383458646616541 0.03571428571428571
0 0.6124686716791979 0.4223057644110275 0.03320802005012531 0.03634085213032581
0 0.4797932330827067 0.456453634085213 0.07612781954887218 0.07017543859649122
0 0.4163533834586466 0.48417919799498743 0.041353383458646614 0.02850877192982456
0 0.36607142857142855 0.5421365914786967 0.03164160401002506 0.03414786967418546
0 0.4880952380952381 0.5526315789473684 0.046992481203007516 0.03634085213032581
0 0.5404135338345865 0.5656328320802004 0.022556390977443608 0.02662907268170426
0 0.5930451127819548 0.5953947368421052 0.06203007518796992 0.07675438596491227
0 0.4071115288220551 0.38941102756892226 0.131265664160401 0.10964912280701754
0 0.7850877192982456 0.47274436090225563 0.023182957393483708 0.02631578947368421
0 0.7781954887218044 0.4981203007518797 0.045739348370927316 0.041353383458646614
0 0.6911027568922306 0.5321115288220551 0.16290726817042606 0.1331453634085213
