0 0.39457343412527 0.5899621212121212 0.040226781857451405 0.06439393939393939
0 0.4686825053995681 0.6716382575757576 0.038336933045356375 0.06581439393939394
0 0.5677645788336934 0.5968276515151515 0.07775377969762419 0.11600378787878789
0 0.6301295896328294 0.5769412878787878 0.03779697624190065 0.047821969696969696
0 0.7073434125269978 0.4931344696969697 0.04373650107991361 0.061079545454545456
0 0.7815874730021599 0.5686553030303031 0.05939524838012959 0.07670454545454546
0 0.6254049676025918 0.7481060606060607 0.13849892008639308 0.2215909090909091
0 0.4736771058315335 0.5771780303030303 0.039686825053995685 0.0625
0 0.48488120950323976 0.46117424242424243 0.05885529157667387 0.07954545454545454
0 0.5673596112311016 0.44483901515151514 0.0445464362850972 0.059185606060606064
0 0.4678725701943845 0.2978219696969697 0.091792656587473 0.20738636363636365
0 0.5211933045356372 0.40577651515151514 0.03266738660907128 0.045454545454545456
0 0.20288876889848814 0.4150094696969697 0.031587473002159826 0.045928030303030304
0 0.2211123110151188 0.3816287878787879 0.06371490280777538 0.07007575757575758
0 0.3334233261339093 0.36458333333333337 0.21274298056155508 0.26704545454545453
