0 0.3079874433205441 0.4598883850715033 0.1137077084059993 0.08196721311475409
0 0.32943843739100104 0.4211719567492152 0.07220090687129403 0.05755144750610394
0 0.4389605859783746 0.48744332054412276 0.07429368678060691 0.08196721311475409
0 0.4898848971049878 0.5013951866062085 0.0324380885943495 0.026857342169515172
0 0.4764562260202302 0.4223927450296477 0.03278688524590164 0.03069410533658877
0 0.5348796651552145 0.35228461806766653 0.09173351935821417 0.05162190442971747
0 0.5988838507150331 0.36117893268224627 0.04464597139867457 0.038018835019183815
0 0.6004534356470178 0.39309382629926753 0.0463899546564353 0.04046041158004883
0 0.7239274502964771 0.4863969305894663 0.0533658876874782 0.04429717474712243
0 0.6742239274502965 0.49720962678758285 0.025810952214858737 0.02615974886641088
0 0.7242762469480293 0.3596093477502616 0.035926055109870944 0.0286013254272759
0 0.461632368329264 0.6668991977677015 0.0317404952912452 0.03418207185211022
0 0.27345657481688174 0.6133589117544471 0.032089291942797346 0.031042901988140914
0 0.21712591559121033 0.49267527031740493 0.035228461806766656 0.030345308685036623
0 0.8828043250784793 0.46668991977677016 0.0355772584583188 0.03069410533658877
0 0.22776421346355075 0.6137077084059993 0.03069410533658877 0.024066968957098013
0 0.1252179979072201 0.5798744332054412 0.058597837460760374 0.031042901988140914
0 0.2324729682595047 0.6648064178583886 0.029647715381932335 0.021625392396232995
