2 0.3701674277016743 0.35251141552511417 0.14429223744292238 0.12724505327245053
2 0.47199391171993915 0.39345509893455105 0.06544901065449012 0.08188736681887368
2 0.567427701674277 0.36697108066971085 0.16560121765601218 0.1482496194824962
2 0.7354642313546423 0.4343987823439879 0.23074581430745816 0.1649923896499239
2 0.8010654490106546 0.5485540334855404 0.1482496194824962 0.19482496194824964
2 0.5205479452054795 0.5870624048706241 0.17656012176560124 0.17625570776255708
2 0.417351598173516 0.5089802130898021 0.05783866057838661 0.06331811263318113
2 0.31445966514459667 0.4958904109589041 0.12968036529680366 0.13820395738203958
2 0.2184170471841705 0.4768645357686454 0.055098934550989354 0.05570776255707763
2 0.15753424657534248 0.4490106544901066 0.03866057838660579 0.056621004566210054
2 0.22952815829528161 0.2945205479452055 0.03652968036529681 0.036225266362252664
