0 0.2648809523809524 0.4690476190476191 0.08333333333333334 0.0642857142857143
0 0.3291666666666667 0.4821428571428572 0.04047619047619048 0.03333333333333334
0 0.4610119047619048 0.45952380952380956 0.03273809523809524 0.03333333333333334
0 0.5580357142857143 0.4717261904761905 0.04702380952380953 0.04107142857142858
0 0.6110119047619048 0.5529761904761905 0.03392857142857143 0.04047619047619048
0 0.6666666666666667 0.6458333333333334 0.0380952380952381 0.03214285714285715
0 0.8702380952380954 0.4848214285714286 0.036904761904761905 0.037500000000000006
0 0.3880952380952381 0.3633928571428572 0.027380952380952384 0.024404761904761908
0 0.3610119047619048 0.5729166666666667 0.03511904761904762 0.037500000000000006
0 0.5202380952380953 0.5428571428571429 0.10714285714285715 0.11785714285714287
