0 0.7015834348355664 0.31072298943948007 0.18838814453917985 0.16653127538586515
0 0.20401948842874543 0.6301787164906579 0.28136419001218027 0.22948822095857024
0 0.40682095006090135 0.7217709179528838 0.11774259033698742 0.15028432168968317
0 0.31465692245229393 0.4096263200649878 0.05684125050751117 0.06701868399675061
0 0.5844498578968738 0.43805848903330624 0.11327649208282582 0.10601137286758733
0 0.6818920016240357 0.4790820471161657 0.05075111652456354 0.04508529650690495
0 0.5856678846934632 0.6072298943948009 0.053999187982135606 0.05605199025182778
0 0.01766138855054811 0.5259951259138911 0.03532277710109622 0.0463038180341186
0 0.03978887535525782 0.5739236393176279 0.07957775071051564 0.07392363931762794
0 0.5079171741778319 0.6435824532900081 0.042224928948436866 0.05239642567018684
