0 0.7233049127080796 0.3537774167343623 0.19123020706455543 0.18196588139723802
0 0.21599675192854242 0.5456945572705117 0.3036946812829882 0.24167343623070672
0 0.3950466910272026 0.6712022745735174 0.11774259033698742 0.13363119415109667
0 0.36195696305318714 0.3623070674248578 0.05887129516849371 0.06255077173030056
0 0.5964271213966708 0.45552396425670183 0.11611855460820138 0.11494719740048741
0 0.6780349167681688 0.5107636068237206 0.051969143321153065 0.04914703493095045
0 0.5686155095412099 0.6167749796913079 0.056435241575314654 0.05970755483346872
0 0.04526999593991068 0.4266856214459789 0.04425497360941941 0.044272948822095856
0 0.059277304100690216 0.473395613322502 0.0925700365408039 0.070268074735987
0 0.4939098660170524 0.6318034118602762 0.04263093788063337 0.04589764419171405
