0 0.6369026857342169 0.4250087199162888 0.09347750261597489 0.07568887338681549
0 0.6133589117544471 0.39658179281478895 0.05824904080920823 0.05441227764213463
0 0.5416811998604814 0.4747122427624695 0.06278339727938612 0.07464248343215905
0 0.5045343564701779 0.497558423439135 0.026857342169515172 0.0247645622602023
0 0.5017439832577607 0.4264039065224974 0.026857342169515172 0.028950122078828043
0 0.4464597139867457 0.3767003836763167 0.07324729682595046 0.05022671782350889
0 0.39937216602720615 0.39693058946634113 0.03627485176142309 0.0355772584583188
0 0.40320892919427975 0.4251831182420649 0.03767003836763167 0.03767003836763167
0 0.32385769096616673 0.5308685036623648 0.04220439483780956 0.04185559818625741
0 0.3634461109173352 0.5303453086850366 0.020927799093128707 0.0247645622602023
0 0.30397628182769443 0.41960237181723054 0.028950122078828043 0.027206138821067316
0 0.5678409487268922 0.6295779560516219 0.025810952214858737 0.03069410533658877
0 0.7035228461806766 0.5446459713986745 0.025810952214858737 0.02825252877572375
0 0.7167771189396581 0.43337983955354026 0.0286013254272759 0.026857342169515172
0 0.20020927799093127 0.5444715730728985 0.0286013254272759 0.029298918730380187
0 0.7394489012905476 0.5352284618067666 0.025113358911754445 0.021974189047785142
0 0.8121730031391698 0.48517614230903383 0.047785141262643875 0.029298918730380187
0 0.7485176142309033 0.5784792465992327 0.023718172305545866 0.01988140913847227
