0 0.7608082706766917 0.518640350877193 0.046679197994987466 0.04918546365914787
0 0.6569548872180451 0.5664160401002506 0.044486215538847115 0.043859649122807015
0 0.4655388471177945 0.5747180451127819 0.09461152882205513 0.09555137844611528
0 0.39473684210526316 0.56328320802005 0.040100250626566414 0.03822055137844611
0 0.3239348370927318 0.5090852130325815 0.05388471177944862 0.05137844611528822
0 0.44940476190476186 0.4572368421052631 0.043546365914786965 0.042919799498746865
0 0.49843358395989973 0.43029448621553884 0.03070175438596491 0.03101503759398496
0 0.5593671679197995 0.3848684210526316 0.08615288220551379 0.08928571428571427
0 0.39771303258145363 0.68781328320802 0.1594611528822055 0.1575814536340852
0 0.869204260651629 0.4259085213032581 0.039160401002506263 0.041666666666666664
0 0.8497807017543859 0.3950501253132832 0.07612781954887218 0.06140350877192982
0 0.7202380952380952 0.40617167919799496 0.23558897243107768 0.19016290726817042
