0 0.6713012958963284 0.38399621212121215 0.06182505399568035 0.08996212121212122
0 0.5499460043196545 0.2864583333333333 0.057775377969762426 0.07859848484848485
0 0.44316954643628514 0.4266098484848485 0.09098272138228942 0.1571969696969697
0 0.3766198704103672 0.4794034090909091 0.04049676025917927 0.06486742424242424
0 0.28415226781857456 0.6479640151515151 0.046166306695464364 0.08475378787878789
0 0.19154967602591794 0.5549242424242424 0.06452483801295897 0.10416666666666667
0 0.35974622030237585 0.23982007575757577 0.15523758099352053 0.25615530303030304
0 0.5608801295896328 0.4256628787878788 0.0607451403887689 0.08806818181818182
0 0.5608801295896328 0.6096117424242424 0.08018358531317495 0.1141098484848485
0 0.44870410367170627 0.6673768939393939 0.04643628509719223 0.08285984848484848
0 0.5921976241900648 0.8037405303030303 0.11096112311015119 0.18607954545454547
0 0.5060745140388769 0.712594696969697 0.04130669546436285 0.06439393939393939
0 0.9346652267818575 0.6013257575757576 0.03779697624190065 0.06628787878787878
0 0.9126619870410367 0.6583806818181819 0.07586393088552916 0.09611742424242424
0 0.7691684665226782 0.6976799242424243 0.2564794816414687 0.3319128787878788
