2 0.40350076103500765 0.36834094368340947 0.12511415525114156 0.11141552511415526
2 0.49330289193302895 0.40410958904109595 0.06057838660578387 0.07945205479452055
2 0.5726027397260275 0.3767123287671233 0.14550989345509896 0.13181126331811263
2 0.7182648401826485 0.4403348554033486 0.2073059360730594 0.15616438356164386
2 0.7754946727549468 0.5452054794520549 0.13059360730593608 0.17168949771689498
2 0.5426179604261796 0.571689497716895 0.14642313546423136 0.13089802130898023
2 0.4534246575342466 0.5123287671232877 0.052054794520547946 0.05479452054794521
2 0.362861491628615 0.4968036529680366 0.11263318112633182 0.11628614916286151
2 0.27716894977168954 0.4794520547945206 0.05327245053272451 0.04687975646879757
2 0.21872146118721464 0.44764079147640795 0.03805175038051751 0.04657534246575343
2 0.27853881278538817 0.32359208523592087 0.030441400304414005 0.028614916286149164
