0 0.8110119047619049 0.4130952380952381 0.11130952380952382 0.09642857142857143
0 0.7345238095238096 0.4428571428571429 0.053571428571428575 0.05
0 0.5660714285714287 0.43750000000000006 0.045238095238095244 0.048809523809523817
0 0.449702380952381 0.47113095238095243 0.0625 0.061309523809523814
0 0.39583333333333337 0.58125 0.045238095238095244 0.05178571428571429
0 0.3348214285714286 0.7014880952380953 0.04940476190476191 0.044642857142857144
0 0.06636904761904762 0.5377976190476191 0.048214285714285716 0.04940476190476191
0 0.6330357142857144 0.29345238095238096 0.03630952380952381 0.03571428571428572
0 0.7110119047619048 0.5675595238095239 0.04940476190476191 0.04940476190476191
0 0.5089285714285715 0.5547619047619048 0.14523809523809525 0.15595238095238095
