0 0.39037758830694275 0.38586515028432167 0.12383272431993504 0.10479285134037368
0 0.6849370686155095 0.5601137286758733 0.17864393016646365 0.13322502030869213
0 0.5604953308972798 0.6159626320064987 0.0686155095412099 0.07839155158407798
0 0.6173365814047909 0.4287164906580016 0.036946812829882256 0.03696181965881397
0 0.46569224522939506 0.46181965881397236 0.07145757206658547 0.06580016246953696
0 0.41209906617945596 0.4867993501218521 0.031668696711327646 0.02802599512591389
0 0.464068209500609 0.5633631194151096 0.03329273244011368 0.034930950446791224
0 0.8041006902151847 0.5071080422420796 0.02476654486398701 0.024776604386677496
0 0.7898903775883069 0.5341186027619821 0.05318717011774259 0.038180341186027617
0 0.5071051563134389 0.5810316815597075 0.025172553796183515 0.027213647441104792
