0 0.16071428571428573 0.5139880952380953 0.1011904761904762 0.08392857142857144
0 0.24404761904761907 0.4970238095238096 0.05 0.04285714285714286
0 0.4154761904761905 0.5380952380952382 0.03928571428571429 0.04761904761904762
0 0.5440476190476191 0.5279761904761905 0.06071428571428572 0.06071428571428572
0 0.6327380952380953 0.42946428571428574 0.045238095238095244 0.04940476190476191
0 0.7351190476190477 0.325 0.051190476190476196 0.03928571428571429
0 0.9836309523809524 0.5616071428571429 0.031547619047619054 0.048214285714285716
0 0.32321428571428573 0.6821428571428572 0.03333333333333334 0.03333333333333334
0 0.29583333333333334 0.3752976190476191 0.04404761904761905 0.04345238095238096
0 0.5038690476190477 0.42946428571428574 0.1375 0.14226190476190478
