0 0.6501569584931984 0.5294733170561563 0.12556679455877223 0.10184862225322637
0 0.6379490756888734 0.5690617370073248 0.0788280432507848 0.07150331356818974
0 0.5245901639344263 0.5612138123474014 0.08998953610045343 0.09557028252528775
0 0.47401464945936517 0.5735960934775026 0.03767003836763167 0.035228461806766656
0 0.50488315312173 0.6292291594000697 0.038018835019183815 0.03836763167073596
0 0.4693058946634112 0.7104987792117196 0.10080223229856994 0.08092082316009766
0 0.4093128705964423 0.7321241716079525 0.049877921171956746 0.04743634461109173
0 0.40041855598186255 0.7070108126961981 0.050924311126613185 0.048133937914196026
0 0.2680502267178235 0.632193930938263 0.05266829438437391 0.05406348099058249
0 0.3092082316009766 0.6269619811649808 0.026857342169515172 0.030345308685036623
0 0.2985699337286362 0.7338681548657133 0.0355772584583188 0.0355772584583188
0 0.4829089640739449 0.39466341123125215 0.0387164283222881 0.04918032786885246
0 0.6684687826996861 0.36362050924311123 0.03662364841297523 0.0387164283222881
0 0.7403208929194279 0.4834321590512731 0.040809208231600974 0.03836763167073596
0 0.13254272758981514 0.6369026857342169 0.0355772584583188 0.03697244506452738
0 0.7176491105685385 0.3596093477502616 0.03453086850366236 0.03139169863969306
0 0.8303104290198814 0.3864666899197768 0.06452738053714684 0.04534356470177886
0 0.7084059993024067 0.30711545169166377 0.03278688524590164 0.028950122078828043
