0 0.36798056155507564 0.5449810606060607 0.052375809935205186 0.08806818181818182
0 0.4311555075593953 0.6463068181818182 0.04859611231101512 0.07765151515151515
0 0.5492710583153348 0.5639204545454546 0.09368250539956804 0.1553030303030303
0 0.6204103671706264 0.5409564393939394 0.038336933045356375 0.06202651515151515
0 0.7176025917926566 0.433001893939394 0.04535637149028078 0.0790719696969697
0 0.7863120950323974 0.5305397727272727 0.06182505399568035 0.09895833333333334
0 0.585988120950324 0.7353219696969697 0.16549676025917928 0.25946969696969696
0 0.4554535637149028 0.5352746212121212 0.05183585313174946 0.08664772727272728
0 0.4806965442764579 0.39038825757575757 0.062365010799136075 0.10464015151515152
0 0.5732991360691145 0.3712121212121212 0.046166306695464364 0.07670454545454546
0 0.47300215982721383 0.2294034090909091 0.0961123110151188 0.1690340909090909
0 0.5291576673866091 0.32007575757575757 0.03401727861771058 0.058712121212121215
0 0.19114470842332615 0.31392045454545453 0.03725701943844493 0.05965909090909091
0 0.21004319654427647 0.2734375 0.07127429805615551 0.09138257575757576
0 0.3276187904967603 0.2774621212121212 0.22813174946004322 0.3106060606060606
