0 0.7227443609022556 0.6293859649122807 0.04949874686716792 0.05200501253132832
0 0.612312030075188 0.6292293233082706 0.044172932330827065 0.04981203007518797
0 0.4426691729323308 0.5549812030075187 0.10338345864661654 0.10119047619047619
0 0.3787593984962406 0.5119047619047619 0.044486215538847115 0.040726817042606514
0 0.3381892230576441 0.4307644110275689 0.047932330827067667 0.05075187969924812
0 0.4765037593984962 0.4320175438596491 0.04949874686716792 0.05012531328320802
0 0.5322681704260651 0.4219924812030075 0.03070175438596491 0.03508771929824561
0 0.6011904761904762 0.39520676691729323 0.08709273182957393 0.10181704260651628
0 0.33521303258145363 0.6292293233082706 0.16416040100250626 0.1538220551378446
0 0.856203007518797 0.581140350877193 0.03759398496240601 0.03759398496240601
0 0.8491541353383458 0.5458959899749373 0.07424812030075187 0.06046365914786967
0 0.731829573934837 0.49169799498746863 0.2399749373433584 0.2033208020050125
