2 0.6796042617960427 0.6471841704718417 0.1768645357686454 0.1467275494672755
2 0.5295281582952817 0.6175038051750381 0.07275494672754948 0.10624048706240488
2 0.41796042617960427 0.6843226788432268 0.1814307458143075 0.16316590563165906
2 0.1940639269406393 0.6369863013698631 0.280365296803653 0.17625570776255708
2 0.08980213089802132 0.499847792998478 0.17960426179604264 0.24474885844748862
2 0.4249619482496195 0.3794520547945206 0.1802130898021309 0.1817351598173516
2 0.5718417047184171 0.4450532724505328 0.06788432267884323 0.08036529680365298
2 0.7170471841704719 0.43546423135464235 0.15494672754946728 0.16590563165905634
2 0.8596651445966516 0.44855403348554035 0.07914764079147642 0.07031963470319635
2 0.964992389649924 0.4899543378995434 0.05235920852359209 0.07092846270928463
2 0.8891933028919331 0.6882800608828007 0.04870624048706241 0.04566210045662101
