0 0.5893628509719223 0.6228693181818182 0.030777537796976243 0.05350378787878788
0 0.529427645788337 0.6600378787878788 0.02699784017278618 0.05113636363636364
0 0.46719762419006483 0.5558712121212122 0.059665226781857456 0.0946969696969697
0 0.4234611231101512 0.5120738636363636 0.026727861771058316 0.039299242424242424
0 0.3713552915766739 0.390625 0.03806695464362851 0.06439393939393939
0 0.3075053995680346 0.43276515151515155 0.041036717062634995 0.0634469696969697
0 0.4103671706263499 0.6529356060606061 0.09665226781857451 0.16761363636363638
0 0.5349622030237582 0.5788352272727273 0.030507559395248383 0.05160984848484849
0 0.5453563714902808 0.4630681818181818 0.05183585313174946 0.08522727272727273
0 0.48555615550755943 0.40553977272727276 0.036987041036717065 0.061079545454545456
0 0.5705993520518359 0.34375 0.07586393088552916 0.11742424242424243
0 0.525647948164147 0.3854166666666667 0.02429805615550756 0.04261363636363637
0 0.7582343412526998 0.5388257575757576 0.031047516198704106 0.048295454545454544
0 0.7558045356371491 0.4966856060606061 0.05858531317494601 0.07102272727272728
0 0.6642818574514039 0.44767992424242425 0.16441684665226783 0.22869318181818182
