0 0.6620160446459714 0.5026159748866411 0.10394140216253923 0.08719916288803628
0 0.6494593651900942 0.538367631670736 0.06627136379490757 0.06103941402162539
0 0.5519707010812697 0.4938960585978375 0.07080572026508546 0.08022322985699337
0 0.5080223229856994 0.48709452389257063 0.031042901988140914 0.02825252877572375
0 0.5327868852459017 0.5540634809905824 0.031042901988140914 0.0317404952912452
0 0.49773282176491107 0.6220788280432508 0.08022322985699337 0.05964422741541681
0 0.4454133240320893 0.6217300313916986 0.04185559818625741 0.040111614928496686
0 0.4389605859783746 0.5938262992675271 0.042901988140913845 0.04220439483780956
0 0.3231600976630624 0.5272061388210673 0.04918032786885246 0.0463899546564353
0 0.3601325427275898 0.512033484478549 0.0247645622602023 0.026508545517963028
0 0.3460062783397279 0.6376002790373212 0.03348447854900593 0.03069410533658877
0 0.511859086152773 0.3456574816881758 0.030345308685036623 0.03278688524590164
0 0.6759679107080572 0.36867806069061737 0.02999651203348448 0.02999651203348448
0 0.7352633414719218 0.4635507499128008 0.032089291942797346 0.02999651203348448
0 0.2000348796651552 0.56260899895361 0.033135681897453785 0.032089291942797346
0 0.7143355423787932 0.3632717125915591 0.027903732124171608 0.0247645622602023
0 0.8041506801534705 0.37966515521450994 0.05127310777816533 0.03453086850366236
0 0.7045692361353331 0.3214161144053017 0.026508545517963028 0.021974189047785142
