0 0.6439301664636622 0.318034118602762 0.16727568006496144 0.15678310316815597
0 0.2624847746650426 0.6232737611697806 0.2870483150629314 0.252233956133225
0 0.4569630531871701 0.6758732737611698 0.12139667072675599 0.1364744110479285
0 0.33617539585870887 0.4126726238830219 0.058465286236297195 0.05605199025182778
0 0.5665854648802273 0.43298131600324935 0.11084043848964677 0.10641754670999187
0 0.6536743808363784 0.45857026807473594 0.04628501827040195 0.04305442729488221
0 0.5923670320747056 0.5808285946385052 0.05602923264311815 0.05848903330625507
0 0.08302882663418595 0.5869212022745735 0.04181892001624036 0.0463038180341186
0 0.10962241169305724 0.6196181965881397 0.08688591149005279 0.0718927701056052
0 0.5316686967113277 0.6147441104792851 0.04344295574502639 0.04752233956133225
