0 0.7374686716791979 0.5158208020050125 0.05012531328320802 0.06046365914786967
0 0.6549185463659147 0.5496553884711779 0.05231829573934837 0.06234335839598997
0 0.49044486215538846 0.5703320802005012 0.08740601503759399 0.08552631578947367
0 0.42872807017543857 0.5701754385964912 0.03665413533834586 0.03446115288220551
0 0.36105889724310775 0.5388471177944862 0.044799498746867165 0.044486215538847115
0 0.44924812030075184 0.4794799498746867 0.043233082706766915 0.042919799498746865
0 0.48370927318295737 0.4472117794486215 0.03195488721804511 0.03226817042606516
0 0.524749373433584 0.3948934837092732 0.09147869674185463 0.09367167919799499
0 0.44188596491228066 0.6643170426065163 0.1538220551378446 0.1318922305764411
0 0.806704260651629 0.42528195488721804 0.040100250626566414 0.045426065162907266
0 0.7807017543859649 0.39442355889724307 0.07518796992481203 0.07518796992481203
0 0.6694862155388471 0.4031954887218045 0.22180451127819548 0.19298245614035087
