2 0.27716894977168954 0.43242009132420095 0.16834094368340946 0.139117199391172
2 0.3992389649923897 0.40898021308980215 0.08249619482496195 0.09284627092846272
2 0.47260273972602745 0.3255707762557078 0.17929984779299848 0.15372907153729073
2 0.6710806697108067 0.28873668188736684 0.25722983257229837 0.1786910197869102
2 0.7964992389649924 0.36392694063926945 0.17442922374429226 0.22191780821917811
2 0.5718417047184171 0.5519025875190259 0.1817351598173516 0.1814307458143075
2 0.4340943683409437 0.5423135464231356 0.06879756468797565 0.07397260273972603
2 0.32876712328767127 0.5925418569254186 0.15098934550989346 0.15312024353120246
2 0.22678843226788434 0.6299847792998479 0.07245053272450533 0.06179604261796043
2 0.13881278538812786 0.6383561643835617 0.05418569254185693 0.06088280060882801
2 0.10410958904109589 0.4692541856925419 0.04505327245053273 0.039878234398782346
