0 0.74375 0.5300595238095238 0.06964285714285715 0.0636904761904762
0 0.6913690476190477 0.5282738095238095 0.03511904761904762 0.03511904761904762
0 0.5877976190476191 0.48690476190476195 0.02916666666666667 0.03333333333333334
0 0.5047619047619049 0.480952380952381 0.04285714285714286 0.04047619047619048
0 0.43690476190476196 0.5324404761904762 0.03214285714285715 0.03511904761904762
0 0.3604166666666667 0.5877976190476191 0.03511904761904762 0.02916666666666667
0 0.22619047619047622 0.40952380952380957 0.034523809523809526 0.03214285714285715
0 0.6672619047619048 0.412202380952381 0.02380952380952381 0.024404761904761908
0 0.643452380952381 0.6011904761904763 0.030952380952380953 0.03333333333333334
0 0.51875 0.5461309523809524 0.09821428571428573 0.10773809523809524
