0 0.7265529841656516 0.6844029244516653 0.18717011774259035 0.20146222583265636
0 0.23731222086885911 0.4654752233956133 0.2870483150629314 0.2266450040617384
0 0.4056029232643118 0.34991876523151905 0.11449451887941535 0.12469536961819658
0 0.3755582622817702 0.6378960194963444 0.05765326837190418 0.05808285946385053
0 0.6021112464474219 0.5684402924451665 0.11368250101502234 0.12632006498781478
0 0.6814859926918392 0.5337124289195776 0.05075111652456354 0.054427294882209584
0 0.574299634591961 0.41714053614947194 0.05562322371092164 0.06498781478472786
0 0.07511165245635404 0.5749390739236393 0.04141291108404385 0.04183590576766856
0 0.08871295168493706 0.5316815597075548 0.08647990255785627 0.06580016246953696
0 0.5014210312626878 0.38992688870836717 0.04060089321965083 0.04955320877335499
