0 0.622776421346355 0.5613882106731776 0.10429019881409138 0.09243111266131845
0 0.5941750959190791 0.5899895361004535 0.067317753749564 0.07150331356818974
0 0.533658876874782 0.5186606208580398 0.07324729682595046 0.0927799093128706
0 0.49877921171956746 0.4998256016742239 0.027903732124171608 0.03069410533658877
0 0.4867457272410185 0.5749912800837111 0.026857342169515172 0.03383327520055807
0 0.43041506801534707 0.6330659225671433 0.06906173700732472 0.06208580397628183
0 0.3904778514126264 0.6175444715730729 0.035926055109870944 0.04220439483780956
0 0.39745378444366936 0.5875479595395884 0.03732124171607953 0.044994768050226716
0 0.33501918381583534 0.47976979420997556 0.0533658876874782 0.05127310777816533
0 0.3754795953958842 0.4822113707708406 0.02127659574468085 0.02825252877572375
0 0.30013951866062083 0.5946982908964074 0.035926055109870944 0.03348447854900593
0 0.589117544471573 0.3540286013254273 0.03069410533658877 0.03767003836763167
0 0.7124171607952564 0.43739100104638995 0.030345308685036623 0.03487966515521451
0 0.7050924311126613 0.557551447506104 0.033135681897453785 0.03453086850366236
0 0.1949773282176491 0.4415765608650157 0.03836763167073596 0.03767003836763167
0 0.7464248343215905 0.4555284269271015 0.0286013254272759 0.027903732124171608
0 0.8113010115102894 0.5228461806766656 0.0565050575514475 0.03836763167073596
0 0.7635158702476457 0.41245204046041156 0.027206138821067316 0.025462155563306593
