0 0.8 0.4976190476190477 0.0880952380952381 0.07500000000000001
0 0.7258928571428572 0.5095238095238096 0.042261904761904764 0.03928571428571429
0 0.5735119047619048 0.4696428571428572 0.03392857142857143 0.04047619047619048
0 0.4616071428571429 0.4767857142857143 0.04940476190476191 0.05
0 0.3901785714285715 0.5672619047619049 0.03511904761904762 0.04404761904761905
0 0.3098214285714286 0.6657738095238096 0.04107142857142858 0.03392857142857143
0 0.09375000000000001 0.4592261904761905 0.03869047619047619 0.039880952380952385
0 0.6583333333333334 0.3502976190476191 0.028571428571428574 0.02916666666666667
0 0.6833333333333333 0.6193452380952381 0.036904761904761905 0.039880952380952385
0 0.49940476190476196 0.5657738095238096 0.11309523809523811 0.1279761904761905
