0 0.6083963282937366 0.4363162878787879 0.034287257019438445 0.06581439393939394
0 0.5529157667386609 0.3615056818181818 0.03185745140388769 0.05729166666666667
0 0.47948164146868255 0.4498106060606061 0.06533477321814256 0.1268939393939394
0 0.43358531317494603 0.48555871212121215 0.029157667386609073 0.05539772727272727
0 0.36460583153347736 0.6060606060606061 0.034287257019438445 0.07007575757575758
0 0.30912526997840173 0.532907196969697 0.04859611231101512 0.08759469696969698
0 0.4346652267818575 0.31486742424242425 0.11177105831533478 0.21022727272727273
0 0.5494060475161987 0.4571496212121212 0.03401727861771058 0.06486742424242424
0 0.5373920086393089 0.5830965909090909 0.0445464362850972 0.08475378787878789
0 0.4704373650107992 0.6219223484848485 0.034287257019438445 0.06865530303030304
0 0.5440064794816415 0.7213541666666667 0.06911447084233262 0.1425189393939394
0 0.5031047516198704 0.6548295454545455 0.025107991360691147 0.052083333333333336
0 0.7706533477321815 0.6221590909090909 0.026187904967602593 0.04640151515151515
0 0.7549946004319655 0.6571969696969697 0.05102591792656588 0.07007575757575758
0 0.6573974082073435 0.6607481060606061 0.17872570194384452 0.24952651515151517
