0 0.7633145363408521 0.5831766917293233 0.046052631578947366 0.04855889724310777
0 0.6389411027568922 0.594141604010025 0.047932330827067667 0.05043859649122807
0 0.42293233082706766 0.5388471177944862 0.09335839598997493 0.08709273182957393
0 0.3488408521303258 0.5037593984962405 0.041040100250626564 0.03195488721804511
0 0.28916040100250623 0.43609022556390975 0.04887218045112782 0.041979949874686714
0 0.4351503759398496 0.41666666666666663 0.046992481203007516 0.040726817042606514
0 0.49874686716791977 0.3989661654135338 0.03383458646616541 0.03164160401002506
0 0.5812969924812029 0.3609022556390977 0.09492481203007519 0.09335839598997493
0 0.325187969924812 0.6326754385964912 0.15664160401002505 0.1450501253132832
0 0.9036654135338346 0.5150375939849624 0.03853383458646616 0.03571428571428571
0 0.8889411027568922 0.47916666666666663 0.07800751879699247 0.05545112781954887
0 0.7476503759398496 0.4395363408521303 0.24718045112781953 0.16979949874686717
