2 0.6365296803652969 0.3872146118721462 0.15829528158295283 0.09863013698630138
2 0.5226788432267885 0.4039573820395739 0.07914764079147642 0.07305936073059362
2 0.4404870624048707 0.3579908675799087 0.12785388127853883 0.11324200913242011
2 0.29071537290715377 0.39071537290715375 0.1996955859969559 0.12146118721461188
2 0.2351598173515982 0.48873668188736685 0.1421613394216134 0.17321156773211568
2 0.4981735159817352 0.5645357686453577 0.16468797564687976 0.12633181126331813
2 0.599847792998478 0.5219178082191781 0.07153729071537292 0.055098934550989354
2 0.6905631659056317 0.5363774733637747 0.10684931506849316 0.11811263318112634
2 0.7831050228310503 0.5432267884322679 0.04109589041095891 0.04718417047184171
2 0.8429223744292238 0.5269406392694065 0.026179604261796045 0.050532724505327246
2 0.784627092846271 0.3674277016742771 0.04353120243531203 0.029223744292237445
