0 0.7855576441102756 0.5346177944862155 0.05545112781954887 0.05858395989974937
0 0.6638471177944861 0.5780075187969924 0.05764411027568922 0.06015037593984962
0 0.43922305764411024 0.5734649122807017 0.10087719298245613 0.10808270676691728
0 0.3598057644110276 0.5518483709273183 0.042919799498746865 0.043546365914786965
0 0.27850877192982454 0.48527568922305764 0.05451127819548872 0.05639097744360902
0 0.4072681704260651 0.43107769423558895 0.04949874686716792 0.05451127819548872
0 0.4589598997493734 0.3970864661654135 0.03634085213032581 0.041666666666666664
0 0.5280388471177945 0.33599624060150374 0.112468671679198 0.12312030075187969
0 0.3781328320802005 0.6947055137844611 0.16791979949874686 0.17136591478696742
0 0.900532581453634 0.4332706766917293 0.044172932330827065 0.043859649122807015
0 0.87515664160401 0.400062656641604 0.08677944862155387 0.07205513784461152
0 0.7238408521303258 0.3862781954887218 0.2766290726817042 0.23182957393483708
