0 0.37108531317494603 0.4696969696969697 0.0423866090712743 0.08049242424242424
0 0.43763498920086397 0.37215909090909094 0.03941684665226782 0.07102272727272728
0 0.5386069114470843 0.45809659090909094 0.08045356371490281 0.1434659090909091
0 0.6021868250539957 0.48177083333333337 0.03536717062634989 0.05823863636363637
0 0.6997840172786177 0.5804924242424243 0.03995680345572354 0.07291666666666667
0 0.7632289416846653 0.48863636363636365 0.055075593952483806 0.09185606060606061
0 0.5872030237580994 0.2871685606060606 0.13714902807775378 0.23910984848484848
0 0.44870410367170627 0.48461174242424243 0.041576673866090715 0.0790719696969697
0 0.47178725701943847 0.6223958333333334 0.053725701943844496 0.09517045454545454
0 0.5620950323974082 0.6399147727272727 0.041036717062634995 0.07149621212121213
0 0.46922246220302377 0.7739109848484849 0.08801295896328294 0.16145833333333334
0 0.5210583153347732 0.6877367424242424 0.03023758099352052 0.054450757575757576
0 0.19775917926565875 0.6863162878787878 0.03266738660907128 0.05539772727272727
0 0.21652267818574517 0.7258522727272727 0.06587473002159827 0.08712121212121213
0 0.3272138228941685 0.7294034090909091 0.20950323974082075 0.296875
