0 0.7007324729682595 0.5212765957446809 0.12835716777118938 0.10987094523892571
0 0.6798046738751308 0.569584931984653 0.08092082316009766 0.0788280432507848
0 0.567317753749564 0.5108126961981165 0.08336239972096268 0.09870945238925706
0 0.5155214509940704 0.4994768050226718 0.0355772584583188 0.032089291942797346
0 0.5331356818974538 0.5898151377746773 0.038018835019183815 0.04115800488315312
0 0.478374607603767 0.6822462504359958 0.10010463899546564 0.07464248343215905
0 0.4141960237181723 0.6810254621555633 0.05057551447506104 0.05127310777816533
0 0.411056853854203 0.6430066271363795 0.05266829438437391 0.05476107429368678
0 0.2820020927799093 0.5512731077781653 0.05755144750610394 0.05755144750610394
0 0.3310080223229857 0.531217300313917 0.027903732124171608 0.03139169863969306
0 0.28932682246250435 0.6975933031042902 0.03732124171607953 0.03069410533658877
0 0.540809208231601 0.3360655737704918 0.03453086850366236 0.035926055109870944
0 0.7377049180327869 0.3597837460760377 0.03418207185211022 0.033135681897453785
0 0.7975235437739797 0.4694802929891873 0.038018835019183815 0.03697244506452738
0 0.1252179979072201 0.5973142657830485 0.04046041158004883 0.04150680153470527
0 0.7849668643181026 0.35298221137077085 0.033135681897453785 0.026508545517963028
0 0.8923962329961632 0.3704220439483781 0.06243460062783397 0.03697244506452738
0 0.7792117195674921 0.30484827345657484 0.03139169863969306 0.024415765608650157
