0 0.695696305318717 0.6340373679935012 0.17092976045473 0.16165718927701056
0 0.2551766138855055 0.4851746547522339 0.26999593991067805 0.21811535337124288
0 0.40864799025578563 0.3686027619821283 0.10678034916768168 0.11982128350934199
0 0.3826634185952091 0.6376929325751421 0.05318717011774259 0.05605199025182778
0 0.5844498578968738 0.5479285134037368 0.10434429557450264 0.10235580828594638
0 0.6552984165651644 0.5 0.04628501827040195 0.043866774979691305
0 0.5592773041006902 0.4102355808285946 0.05075111652456354 0.052802599512591385
0 0.10881039382866423 0.5936230706742486 0.03978887535525782 0.039398862713241264
0 0.12038164839626472 0.5525995125913891 0.08241981323589119 0.06295694557270512
0 0.4943158749492489 0.3980503655564581 0.037758830694275276 0.04061738424045491
