0 0.2485119047619048 0.44077380952380957 0.09702380952380953 0.08392857142857144
0 0.3166666666666667 0.4678571428571429 0.04761904761904762 0.04285714285714286
0 0.46755952380952387 0.4669642857142858 0.03869047619047619 0.042261904761904764
0 0.5702380952380953 0.49553571428571436 0.055952380952380955 0.05535714285714286
0 0.6214285714285714 0.59375 0.04166666666666667 0.04702380952380953
0 0.6803571428571429 0.7008928571428572 0.04404761904761905 0.039880952380952385
0 0.9127976190476191 0.5473214285714286 0.044642857142857144 0.044642857142857144
0 0.40863095238095243 0.33958333333333335 0.031547619047619054 0.031547619047619054
0 0.3366071428571429 0.5770833333333334 0.042261904761904764 0.042261904761904764
0 0.5202380952380953 0.5702380952380953 0.12976190476190477 0.1380952380952381
