2 0.6841704718417048 0.632572298325723 0.14398782343987826 0.11506849315068494
2 0.5544901065449012 0.6232876712328768 0.05631659056316591 0.08919330289193304
2 0.46073059360730595 0.6939117199391173 0.16103500761035008 0.13485540334855403
2 0.25449010654490106 0.6818873668188737 0.24048706240487064 0.14246575342465756
2 0.14550989345509896 0.5774733637747337 0.1315068493150685 0.20213089802130899
2 0.43333333333333335 0.43637747336377475 0.16225266362252666 0.14703196347031966
2 0.5730593607305936 0.47427701674277023 0.05449010654490107 0.06392694063926942
2 0.6949771689497718 0.4526636225266363 0.12176560121765602 0.13089802130898023
2 0.8140030441400306 0.4395738203957382 0.059665144596651454 0.05114155251141553
2 0.9028919330289195 0.4555555555555556 0.037747336377473364 0.05570776255707763
2 0.8640791476407915 0.6417047184170472 0.036834094368340946 0.03348554033485541
