0 0.3804303694681283 0.29203899268887085 0.1810799837596427 0.17709179528838342
0 0.7257409663012586 0.6330219333874898 0.2829882257409663 0.23679935012185213
0 0.5371498172959805 0.6712022745735174 0.11449451887941535 0.12875710804224208
0 0.6707267559886317 0.43155970755483347 0.05602923264311815 0.058895207148659624
0 0.4482338611449452 0.4209991876523152 0.11124644742184328 0.11169780666125101
0 0.3629719853836784 0.43887083671811533 0.04953308972797402 0.048334687246141345
0 0.4149411287048315 0.5655970755483347 0.05440519691433211 0.05808285946385053
0 0.9051969143321152 0.6009341998375304 0.04263093788063337 0.04264825345247766
0 0.877791311408851 0.6330219333874898 0.08607389362565976 0.0694557270511779
0 0.4705643524157531 0.6039805036555645 0.04060089321965083 0.0446791226645004
