0 0.29769794209975586 0.4825601674223927 0.13498430415068016 0.11266131845134286
0 0.31252179979072203 0.4332054412277642 0.08440878967561911 0.08022322985699337
0 0.44715730728985004 0.4980816184164632 0.09766306243460063 0.10742936867806069
0 0.5087199162888036 0.5080223229856994 0.040809208231600974 0.03662364841297523
0 0.47244506452738055 0.4154168119986048 0.04150680153470527 0.04185559818625741
0 0.5174398325776073 0.32176491105685384 0.10777816532961283 0.07708405999302406
0 0.5899895361004535 0.3215905127310778 0.05545866759679107 0.053714684339030344
0 0.6004534356470178 0.3597837460760377 0.05755144750610394 0.05685385420299965
0 0.7615974886641088 0.45099407045692363 0.06452738053714684 0.06278339727938612
0 0.7106731775374956 0.47209626787582837 0.033135681897453785 0.035926055109870944
0 0.7268922218346704 0.29822113707708403 0.04464597139867457 0.04046041158004883
0 0.4919776770143007 0.7075340076735264 0.038018835019183815 0.04220439483780956
0 0.2718869898848971 0.6702127659574468 0.0394140216253924 0.040111614928496686
0 0.19759330310429019 0.5338332752005581 0.040111614928496686 0.0394140216253924
0 0.9291942797349145 0.4103592605510987 0.0425531914893617 0.0463899546564353
0 0.21956749215207533 0.6770143006627136 0.03732124171607953 0.03139169863969306
0 0.10027903732124172 0.6498081618416464 0.06592256714335543 0.04325078479246599
0 0.2298569933728636 0.7363097314265783 0.0355772584583188 0.0286013254272759
