2 0.7106544901065449 0.6841704718417048 0.17199391171993914 0.14642313546423136
2 0.5668188736681888 0.6529680365296804 0.07184170471841705 0.10532724505327246
2 0.4480974124809742 0.7156773211567733 0.1984779299847793 0.1649923896499239
2 0.2091324200913242 0.6634703196347033 0.29528158295281587 0.17929984779299848
2 0.09558599695585998 0.523744292237443 0.17595129375951296 0.2426179604261796
2 0.45372907153729075 0.4159817351598174 0.19939117199391174 0.1829528158295282
2 0.6074581430745815 0.4838660578386606 0.06605783866057839 0.08006088280060883
2 0.7459665144596652 0.4764079147640792 0.1482496194824962 0.1649923896499239
2 0.8829528158295282 0.47869101978691025 0.07336377473363775 0.06544901065449012
2 0.9788432267884324 0.5100456621004567 0.04170471841704719 0.06910197869101979
2 0.9115677321156774 0.7226788432267885 0.04535768645357687 0.04261796042617961
