0 0.18186090225563908 0.45441729323308266 0.06296992481203006 0.06735588972431078
0 0.3137531328320802 0.40194235588972427 0.06046365914786967 0.06829573934837092
0 0.5977443609022556 0.3988095238095238 0.16979949874686717 0.14035087719298245
0 0.706453634085213 0.4208959899749373 0.046992481203007516 0.05043859649122807
0 0.7778822055137844 0.49107142857142855 0.05513784461152882 0.06484962406015038
0 0.6109022556390977 0.5592105263157895 0.08395989974937343 0.07017543859649122
0 0.5307017543859649 0.600093984962406 0.041979949874686714 0.04855889724310777
0 0.46036967418546365 0.675125313283208 0.11810776942355888 0.13909774436090225
0 0.6856203007518796 0.256265664160401 0.19893483709273183 0.19736842105263158
0 0.048715538847117795 0.5859962406015037 0.05169172932330827 0.05106516290726817
0 0.07659774436090225 0.6201441102756892 0.10119047619047619 0.08427318295739347
0 0.24780701754385964 0.6267230576441103 0.3101503759398496 0.25720551378446116
