0 0.22500000000000003 0.6092261904761905 0.10952380952380954 0.1017857142857143
0 0.29523809523809524 0.5785714285714286 0.053571428571428575 0.05238095238095239
0 0.44821428571428573 0.5738095238095239 0.04166666666666667 0.04761904761904762
0 0.5502976190476191 0.5324404761904762 0.06488095238095239 0.0625
0 0.5901785714285714 0.42321428571428577 0.04940476190476191 0.05238095238095239
0 0.6401785714285715 0.3023809523809524 0.058928571428571434 0.04761904761904762
0 0.9401785714285715 0.4196428571428572 0.04940476190476191 0.048809523809523817
0 0.4089285714285715 0.712202380952381 0.034523809523809526 0.03511904761904762
0 0.30208333333333337 0.46190476190476193 0.04702380952380953 0.05
0 0.48750000000000004 0.4592261904761905 0.14404761904761906 0.15416666666666667
