0 0.6337742980561556 0.34019886363636365 0.046166306695464364 0.08664772727272728
0 0.543061555075594 0.2909564393939394 0.042926565874730024 0.07528409090909091
0 0.45369870410367175 0.45667613636363635 0.09476241900647948 0.15672348484848486
0 0.3872840172786177 0.5310132575757576 0.0423866090712743 0.06581439393939394
0 0.30251079913606915 0.7192234848484849 0.0445464362850972 0.08333333333333334
0 0.21274298056155508 0.6676136363636364 0.061015118790496765 0.10416666666666667
0 0.35934125269978406 0.3191287878787879 0.16144708423326135 0.2566287878787879
0 0.5561555075593952 0.4140625 0.04535637149028078 0.08475378787878789
0 0.5633099352051836 0.5821496212121212 0.060205183585313175 0.109375
0 0.46989740820734344 0.6740056818181819 0.048866090712742984 0.08191287878787878
0 0.597597192224622 0.7469223484848485 0.09260259179265659 0.17660984848484848
0 0.5264578833693305 0.6943655303030303 0.03401727861771058 0.06202651515151515
0 0.8667656587473003 0.43655303030303033 0.036987041036717065 0.0634469696969697
0 0.8555615550755941 0.49455492424242425 0.07289416846652268 0.09422348484848485
0 0.7356911447084233 0.5847537878787878 0.23056155507559398 0.3229166666666667
