0 0.7090946000812017 0.6793257514216084 0.19123020706455543 0.17831031681559706
0 0.20483150629313845 0.4433387489845654 0.2984165651644336 0.22136474411047927
0 0.3991067803491677 0.330625507717303 0.11774259033698742 0.1372867587327376
0 0.3414535119772635 0.6393176279447603 0.05684125050751117 0.05848903330625507
0 0.5860738936256598 0.5672217709179529 0.11652456354039789 0.1133225020308692
0 0.6782379212342672 0.5144191714053614 0.05318717011774259 0.05077173030056864
0 0.5755176613885505 0.3968318440292445 0.057247259439707675 0.06255077173030056
0 0.024360535931790498 0.5438667749796913 0.04303694681282988 0.04142973192526401
0 0.04364596021112464 0.4989845653939886 0.08729192042224929 0.06376929325751421
0 0.4977669508729192 0.37794476035743296 0.04303694681282988 0.048334687246141345
