0 0.3951133909287257 0.4509943181818182 0.04508639308855292 0.05634469696969697
0 0.44370950323974084 0.38115530303030304 0.03266738660907128 0.0634469696969697
0 0.5399568034557236 0.4353693181818182 0.0847732181425486 0.10085227272727273
0 0.5993520518358532 0.44507575757575757 0.03725701943844493 0.04261363636363637
0 0.7023488120950324 0.5035511363636364 0.04184665226781858 0.05634469696969697
0 0.7427105831533478 0.44294507575757575 0.058315334773218146 0.06865530303030304
0 0.5712742980561556 0.3020833333333333 0.11177105831533478 0.20833333333333334
0 0.4653077753779698 0.45478219696969696 0.0445464362850972 0.05539772727272727
0 0.5026997840172787 0.5445075757575758 0.05129589632829374 0.08049242424242424
0 0.5836933045356372 0.5537405303030303 0.038876889848812095 0.06013257575757576
0 0.5021598272138229 0.6706912878787878 0.0755939524838013 0.1434659090909091
0 0.5492710583153348 0.5932765151515151 0.028347732181425486 0.045454545454545456
0 0.2605291576673866 0.6086647727272727 0.030777537796976243 0.045928030303030304
0 0.27969762419006483 0.6375473484848485 0.05939524838012959 0.07054924242424243
0 0.377024838012959 0.6382575757575758 0.18547516198704106 0.2509469696969697
