0 0.7108395989974937 0.5274122807017544 0.039473684210526314 0.042919799498746865
0 0.6334586466165413 0.5650062656641603 0.040726817042606514 0.044172932330827065
0 0.4747807017543859 0.5726817042606516 0.08552631578947367 0.08333333333333333
0 0.40852130325814534 0.5606203007518796 0.03634085213032581 0.03352130325814536
0 0.3406954887218045 0.5153508771929824 0.042919799498746865 0.042606516290726815
0 0.444078947368421 0.4700814536340852 0.042293233082706765 0.041666666666666664
0 0.4855889724310777 0.4425125313283208 0.02944862155388471 0.03101503759398496
0 0.5294486215538847 0.39442355889724307 0.07957393483709273 0.08959899749373433
0 0.4276315789473684 0.6643170426065163 0.14223057644110276 0.1325187969924812
0 0.7924498746867168 0.44360902255639095 0.03289473684210526 0.03132832080200501
0 0.7739661654135338 0.4205827067669173 0.06422305764411027 0.05106516290726817
0 0.6654135338345865 0.42105263157894735 0.19862155388471175 0.16666666666666666
