0 0.7150331356818974 0.545866759679107 0.13742588071154516 0.11021974189047785
0 0.6789326822462505 0.5776072549703523 0.08615277293337983 0.09068712940355772
0 0.5933031042901988 0.46808510638297873 0.09557028252528775 0.09138472270666201
0 0.545692361353331 0.4358214161144053 0.040111614928496686 0.0317404952912452
0 0.531217300313917 0.5156958493198466 0.04046041158004883 0.042901988140913845
0 0.44558772235786537 0.5964422741541681 0.10917335193582141 0.10045343564701778
0 0.3791419602371817 0.5755144750610394 0.0565050575514475 0.06766655040111615
0 0.3882106731775375 0.5310429019881409 0.058597837460760374 0.07150331356818974
0 0.28618765259853507 0.40878967561911406 0.067317753749564 0.05929543076386467
0 0.3444366934077433 0.40634809905824903 0.03383327520055807 0.03348447854900593
0 0.24189047785141263 0.5636553889082665 0.044994768050226716 0.05162190442971747
0 0.656260899895361 0.3116498081618416 0.0394140216253924 0.03662364841297523
0 0.8266480641785838 0.42657830484827347 0.039065224973840254 0.03418207185211022
0 0.8259504708754796 0.5462155563306592 0.0425531914893617 0.03418207185211022
0 0.10551098709452389 0.4035577258458319 0.045692361353331004 0.04185559818625741
0 0.8746076037670039 0.4438437391001046 0.03662364841297523 0.027554935472619464
0 0.9607603767003836 0.5041855598186258 0.05824904080920823 0.040809208231600974
0 0.8915242413672828 0.3962329961632368 0.02999651203348448 0.027903732124171608
