2 0.630289193302892 0.3789954337899544 0.11537290715372908 0.09010654490106546
2 0.5345509893455099 0.397716894977169 0.04870624048706241 0.06544901065449012
2 0.4596651445966515 0.36027397260273974 0.12968036529680366 0.10441400304414004
2 0.30913242009132424 0.402130898021309 0.18356164383561646 0.1284627092846271
2 0.24094368340943687 0.4987823439878235 0.10624048706240488 0.16529680365296806
2 0.46073059360730595 0.5525114155251142 0.12754946727549468 0.1284627092846271
2 0.5587519025875191 0.5041095890410959 0.04414003044140031 0.05418569254185693
2 0.6497716894977169 0.5136986301369864 0.10136986301369864 0.11719939117199392
2 0.7418569254185693 0.5203957382039575 0.050532724505327246 0.05083713850837139
2 0.8095890410958905 0.5073059360730594 0.033789954337899546 0.05144596651445967
2 0.7634703196347032 0.36240487062404875 0.030441400304414005 0.030745814307458146
