0 0.7500000000000001 0.46547619047619054 0.07738095238095238 0.06785714285714287
0 0.6901785714285715 0.45892857142857146 0.037500000000000006 0.03333333333333334
0 0.5770833333333334 0.49464285714285716 0.03035714285714286 0.03571428571428572
0 0.487202380952381 0.49523809523809526 0.04702380952380953 0.03928571428571429
0 0.41190476190476194 0.4422619047619048 0.03571428571428572 0.034523809523809526
0 0.3276785714285715 0.3848214285714286 0.03869047619047619 0.027976190476190477
0 0.17946428571428574 0.5577380952380953 0.03630952380952381 0.036904761904761905
0 0.6577380952380953 0.5946428571428573 0.025 0.028571428571428574
0 0.6392857142857143 0.38392857142857145 0.034523809523809526 0.03333333333333334
0 0.5020833333333333 0.4318452380952381 0.10654761904761906 0.1017857142857143
