0 0.40946000812017863 0.3592607636068237 0.14981729598051158 0.13444354183590576
0 0.6944782785221275 0.6204305442729487 0.22289890377588306 0.19049553208773354
0 0.5432399512789281 0.6565800162469536 0.08688591149005279 0.09788789601949634
0 0.6467722289890377 0.4543054427294882 0.0438489646772229 0.04914703493095045
0 0.475233455136013 0.45877335499593824 0.09703613479496549 0.08895207148659626
0 0.40012180267965897 0.4782696994313566 0.04344295574502639 0.03777416734362307
0 0.44295574502639057 0.5775792038992689 0.04628501827040195 0.0463038180341186
0 0.8321153065367438 0.5861088545897644 0.03532277710109622 0.03574329813160032
0 0.8138449045879009 0.6151502843216896 0.07186358099878197 0.057270511779041425
0 0.488834754364596 0.6056051990251827 0.03329273244011368 0.03574329813160032
