0 0.14077380952380952 0.4526785714285715 0.11607142857142858 0.09702380952380953
0 0.23065476190476192 0.45744047619047623 0.06011904761904763 0.05178571428571429
0 0.3940476190476191 0.5351190476190477 0.045238095238095244 0.048809523809523817
0 0.5169642857142858 0.5523809523809524 0.06488095238095239 0.06547619047619048
0 0.6193452380952381 0.4741071428571429 0.048214285714285716 0.05535714285714286
0 0.737202380952381 0.3830357142857143 0.056547619047619055 0.05535714285714286
0 0.949404761904762 0.6104166666666667 0.06071428571428572 0.058928571428571434
0 0.2648809523809524 0.643452380952381 0.04166666666666667 0.036904761904761905
0 0.3154761904761905 0.349702380952381 0.05476190476190477 0.0505952380952381
0 0.5017857142857143 0.4488095238095238 0.1511904761904762 0.16071428571428573
