0 0.3871490280777538 0.5923295454545455 0.03725701943844493 0.07196969696969698
0 0.4549136069114471 0.6740056818181819 0.035097192224622036 0.06297348484848485
0 0.5436015118790497 0.579782196969697 0.06884449244060475 0.12642045454545456
0 0.6001619870410367 0.5475852272727273 0.030777537796976243 0.052556818181818184
0 0.6846652267818575 0.43110795454545453 0.03455723542116631 0.06770833333333333
0 0.7466252699784017 0.5101799242424243 0.04940604751619871 0.08475378787878789
0 0.597732181425486 0.7296401515151515 0.12203023758099353 0.20549242424242425
0 0.4596382289416847 0.5691287878787878 0.036987041036717065 0.07007575757575758
0 0.47516198704103674 0.43134469696969696 0.04859611231101512 0.09090909090909091
0 0.5575053995680346 0.39796401515151514 0.035637149028077755 0.06581439393939394
0 0.4674676025917927 0.2833806818181818 0.07478401727861772 0.14725378787878787
0 0.5184935205183585 0.35795454545454547 0.026187904967602593 0.05113636363636364
0 0.20788336933045357 0.4119318181818182 0.032397408207343416 0.05303030303030303
0 0.2267818574514039 0.36955492424242425 0.06317494600431965 0.0771780303030303
0 0.33396328293736505 0.35014204545454547 0.1900647948164147 0.265625
