0 0.7597117794486216 0.5795739348370927 0.043859649122807015 0.042606516290726815
0 0.6408208020050125 0.6005639097744361 0.045426065162907266 0.043859649122807015
0 0.43358395989974935 0.5692355889724311 0.08208020050125313 0.08333333333333333
0 0.3621553884711779 0.5426065162907268 0.03571428571428571 0.03320802005012531
0 0.29949874686716793 0.4746240601503759 0.041979949874686714 0.046365914786967416
0 0.431547619047619 0.43937969924812026 0.040413533834586464 0.044799498746867165
0 0.48793859649122806 0.41353383458646614 0.02913533834586466 0.03446115288220551
0 0.5646929824561403 0.3676378446115288 0.08740601503759399 0.09617794486215539
0 0.3530701754385965 0.6674498746867168 0.13909774436090225 0.131265664160401
0 0.8895676691729323 0.5040726817042607 0.03602756892230576 0.03195488721804511
0 0.8732769423558897 0.4708646616541353 0.07424812030075187 0.05075187969924812
0 0.7338659147869674 0.4395363408521303 0.23214285714285712 0.16228070175438597
