0 0.3531566096965469 0.5406348099058249 0.11405650505755145 0.09766306243460063
0 0.36362050924311123 0.5844087896756192 0.07220090687129403 0.07080572026508546
0 0.47436344611091735 0.5170910359260551 0.08022322985699337 0.0966166724799442
0 0.5237181723055458 0.5015695849319847 0.033135681897453785 0.02999651203348448
0 0.4918032786885246 0.5908615277293338 0.03348447854900593 0.03697244506452738
0 0.5306941053365888 0.6635856295779561 0.08057202650854552 0.05755144750610394
0 0.5878967561911406 0.6484129752354377 0.042901988140913845 0.04115800488315312
0 0.5940006975933031 0.6189396581792814 0.04464597139867457 0.04359958144401814
0 0.723578653644925 0.5146494593651901 0.05266829438437391 0.05127310777816533
0 0.6831182420648761 0.5031391698639693 0.02615974886641088 0.030345308685036623
0 0.7028252528775724 0.6356818974537845 0.03487966515521451 0.031042901988140914
0 0.5081967213114754 0.3250784792465992 0.032089291942797346 0.032089291942797346
0 0.32734565748168815 0.38385071503313567 0.030345308685036623 0.029647715381932335
0 0.2750261597488664 0.4998256016742239 0.035228461806766656 0.03348447854900593
0 0.8644925008719916 0.5184862225322637 0.03453086850366236 0.033135681897453785
0 0.28165329612835716 0.38576909661667247 0.029647715381932335 0.023718172305545866
0 0.18119986048133938 0.4211719567492152 0.05755144750610394 0.031042901988140914
0 0.28357167771189395 0.33903034530868503 0.0286013254272759 0.020927799093128707
