2 0.3025875190258752 0.3987823439878235 0.17290715372907156 0.14185692541856926
2 0.4395738203957382 0.39497716894977175 0.06940639269406393 0.10076103500761036
2 0.5270928462709286 0.3097412480974125 0.17808219178082194 0.1604261796042618
2 0.7447488584474886 0.3004566210045662 0.2742770167427702 0.18264840182648404
2 0.8675799086757991 0.4009132420091325 0.16925418569254186 0.23561643835616441
2 0.5729071537290716 0.5882800608828007 0.19299847792998479 0.1768645357686454
2 0.428158295281583 0.5598173515981736 0.06971080669710808 0.07610350076103502
2 0.2990867579908676 0.5940639269406394 0.15859969558599696 0.16468797564687976
2 0.16894977168949774 0.6135464231354643 0.07610350076103502 0.06727549467275495
2 0.06788432267884323 0.6031963470319636 0.05114155251141553 0.06179604261796043
2 0.0969558599695586 0.40867579908675805 0.04718417047184171 0.03866057838660579
