0 0.6483531317494601 0.41832386363636365 0.0423866090712743 0.07433712121212122
0 0.5673596112311016 0.3385416666666667 0.04184665226781858 0.06912878787878789
0 0.45990820734341253 0.4479166666666667 0.08666306695464364 0.13352272727272727
0 0.38863390928725705 0.4853219696969697 0.048866090712742984 0.05681818181818182
0 0.25418466522678185 0.6065340909090909 0.054265658747300216 0.07386363636363637
0 0.1826403887688985 0.5298295454545454 0.07586393088552916 0.09185606060606061
0 0.39902807775377974 0.28882575757575757 0.1468682505399568 0.23200757575757577
0 0.5647948164146869 0.4512310606060606 0.041576673866090715 0.07291666666666667
0 0.5392818574514039 0.5951704545454546 0.07532397408207343 0.09659090909090909
0 0.4225161987041037 0.6337594696969697 0.05669546436285097 0.07149621212121213
0 0.5504859611231102 0.7552083333333334 0.11609071274298056 0.17140151515151517
0 0.4740820734341253 0.6740056818181819 0.032397408207343416 0.05539772727272727
0 0.8601511879049677 0.5901988636363636 0.03347732181425486 0.05350378787878788
0 0.8423326133909288 0.6354166666666666 0.06749460043196545 0.07765151515151515
0 0.713012958963283 0.6680871212121212 0.22570194384449246 0.2793560606060606
