0 0.32385769096616673 0.6515521450994071 0.15800488315312172 0.1269619811649808
0 0.3536798046738751 0.6841646320195326 0.10184862225322637 0.08824555284269271
0 0.4562260202302058 0.555284269271015 0.1144053017091036 0.1144053017091036
0 0.5080223229856994 0.5125566794558772 0.04429717474712243 0.038018835019183815
0 0.5074991280083712 0.6096965469131497 0.048133937914196026 0.04534356470177886
0 0.5807464248343216 0.661144053017091 0.11580048831531217 0.08475758632717126
0 0.6447506103941402 0.6203348447854901 0.06382978723404255 0.05755144750610394
0 0.641785838855947 0.5823160097663063 0.06696895709801186 0.06103941402162539
0 0.7445064527380537 0.4288454830833624 0.061737007324729684 0.05545866759679107
0 0.6927101499825602 0.43861178932682243 0.03139169863969306 0.0317404952912452
0 0.776421346355075 0.5598186257411929 0.050924311126613185 0.043948378095570284
0 0.4094872689222183 0.377397976979421 0.03836763167073596 0.039065224973840254
0 0.23892570631321938 0.5087199162888036 0.04464597139867457 0.04220439483780956
0 0.21555633065922566 0.6637600279037321 0.0495291245204046 0.04325078479246599
0 0.906348099058249 0.3831531217300314 0.04220439483780956 0.0387164283222881
0 0.18991977677014302 0.5315660969654691 0.042901988140913845 0.0355772584583188
0 0.088943146145797 0.6208580397628183 0.07603767003836763 0.05162190442971747
0 0.17701430066271365 0.4787234042553191 0.03383327520055807 0.026857342169515172
