0 0.6859520909460008 0.4167343623070674 0.1611855460820138 0.1437855402112104
0 0.2913114088509947 0.5016246953696182 0.2505075111652456 0.22014622258326563
0 0.4127080795777507 0.6131194151096669 0.10678034916768168 0.12307067424857839
0 0.4118960617133577 0.3809910641754671 0.047503045066991476 0.0479285134037368
0 0.5805927730410069 0.46567831031681556 0.09825416159155502 0.08976441917140536
0 0.6398700771416971 0.5152315190901706 0.0438489646772229 0.03858651502843217
0 0.547909053999188 0.5822502030869212 0.053999187982135606 0.05645816409423233
0 0.17397482744620382 0.4017059301380991 0.036946812829882256 0.03736799350121852
0 0.1810799837596427 0.4368399675060926 0.07632967925294357 0.06539398862713242
0 0.4890377588306943 0.5854995938261576 0.039382866423061304 0.04183590576766856
