0 0.3015350877192982 0.5087719298245614 0.04855889724310777 0.05639097744360902
0 0.4041353383458646 0.47619047619047616 0.05012531328320802 0.05827067669172932
0 0.5921052631578947 0.4838659147869674 0.09335839598997493 0.07487468671679198
0 0.6510025062656641 0.4896616541353383 0.039473684210526314 0.03007518796992481
0 0.7005012531328321 0.5249060150375939 0.047619047619047616 0.03853383458646616
0 0.5848997493734336 0.5736215538847117 0.046365914786967416 0.03759398496240601
0 0.5349310776942355 0.6015037593984962 0.03352130325814536 0.02819548872180451
0 0.4758771929824561 0.6555451127819548 0.08834586466165413 0.09680451127819548
0 0.6514724310776941 0.3822055137844611 0.1513157894736842 0.15413533834586465
0 0.2006578947368421 0.6030701754385964 0.039160401002506263 0.041979949874686714
0 0.22117794486215536 0.6356516290726817 0.07330827067669173 0.06203007518796992
0 0.3416353383458646 0.6397243107769424 0.22775689223057644 0.17042606516290726
