2 0.28934550989345514 0.6420091324200914 0.22374429223744294 0.15707762557077626
2 0.47975646879756473 0.6590563165905632 0.07975646879756469 0.10289193302891934
2 0.5823439878234399 0.7400304414003045 0.17229832572298326 0.14916286149162863
2 0.8 0.7324200913242009 0.26057838660578386 0.16012176560121766
2 0.9155251141552512 0.621613394216134 0.14764079147640793 0.2240487062404871
2 0.6210045662100457 0.4488584474885845 0.17351598173515984 0.19147640791476409
2 0.4640791476407915 0.4891933028919331 0.08432267884322679 0.09193302891933029
2 0.2818873668188737 0.42861491628614923 0.1905631659056317 0.19786910197869104
2 0.10487062404870624 0.38462709284627095 0.09284627092846272 0.08188736681887368
2 0.0035007610350076108 0.39117199391172 0.0070015220700152215 0.06575342465753425
2 0.023744292237442923 0.6161339421613394 0.047488584474885846 0.043835616438356165
