0 0.14851190476190476 0.4172619047619048 0.1255952380952381 0.12023809523809526
0 0.22351190476190477 0.45952380952380956 0.06011904761904763 0.05952380952380953
0 0.42113095238095244 0.47261904761904766 0.06011904761904763 0.06071428571428572
0 0.5702380952380953 0.5208333333333334 0.08690476190476192 0.08571428571428572
0 0.6345238095238096 0.6375000000000001 0.0642857142857143 0.07023809523809524
0 0.7002976190476191 0.774702380952381 0.0625 0.05297619047619048
0 0.999404761904762 0.6425595238095239 0.0 0.06488095238095239
0 0.3589285714285715 0.2967261904761905 0.04166666666666667 0.042261904761904764
0 0.22529761904761908 0.6047619047619048 0.05416666666666667 0.05833333333333334
0 0.4845238095238096 0.6107142857142858 0.2023809523809524 0.21071428571428574
