0 0.40357287860332924 0.35804224207961005 0.12586276898091758 0.12794476035743296
0 0.6473812423873325 0.6204305442729487 0.23345513601299228 0.19943135662063363
0 0.5006090133982948 0.6291632818846467 0.09175801867641088 0.0934199837530463
0 0.6033292732440113 0.4616165718927701 0.04953308972797402 0.04589764419171405
0 0.4407226958993098 0.4502437043054427 0.07673568818514007 0.07839155158407798
0 0.38550548112058464 0.46202274573517466 0.033698741372310194 0.033712428919577576
0 0.4157531465692245 0.5521933387489846 0.03978887535525782 0.04346060113728676
0 0.7888753552578157 0.6078391551584078 0.03654080389768575 0.03858651502843217
0 0.7637028014616322 0.6318034118602762 0.0730816077953715 0.06376929325751421
0 0.4524969549330085 0.5796100731112916 0.02882663418595209 0.03168155970755483
