0 0.22500000000000003 0.5901785714285714 0.10357142857142858 0.08511904761904762
0 0.2967261904761905 0.5616071428571429 0.0505952380952381 0.044642857142857144
0 0.4526785714285715 0.5651785714285715 0.042261904761904764 0.04345238095238096
0 0.5616071428571429 0.5321428571428571 0.06011904761904763 0.055952380952380955
0 0.6175595238095238 0.430952380952381 0.044642857142857144 0.04761904761904762
0 0.6752976190476191 0.31875000000000003 0.04583333333333334 0.04107142857142858
0 0.9226190476190477 0.4592261904761905 0.045238095238095244 0.04583333333333334
0 0.38720238095238096 0.6946428571428572 0.03392857142857143 0.03214285714285715
0 0.32083333333333336 0.4520833333333334 0.045238095238095244 0.042261904761904764
0 0.5107142857142858 0.45833333333333337 0.14047619047619048 0.14047619047619048
