0 0.6965852130325814 0.5551378446115288 0.042919799498746865 0.041353383458646614
0 0.5966478696741855 0.5759711779448621 0.03540100250626566 0.043546365914786965
0 0.4489348370927318 0.5684523809523809 0.06829573934837092 0.07863408521303258
0 0.39692982456140347 0.5509085213032581 0.02944862155388471 0.03164160401002506
0 0.3433583959899749 0.49624060150375937 0.04949874686716792 0.041353383458646614
0 0.4456453634085213 0.4550438596491228 0.03414786967418546 0.043546365914786965
0 0.48433583959899745 0.4274749373433584 0.02443609022556391 0.03289473684210526
0 0.5350877192982456 0.3782894736842105 0.07518796992481203 0.09492481203007519
0 0.3701441102756892 0.6586779448621554 0.1362781954887218 0.1212406015037594
0 0.8167293233082706 0.49248120300751874 0.03320802005012531 0.03070175438596491
0 0.8013784461152882 0.46271929824561403 0.06766917293233082 0.047619047619047616
0 0.6795112781954887 0.43436716791979946 0.20050125313283207 0.1469298245614035
