0 0.6665766738660908 0.5175189393939394 0.05345572354211663 0.0946969696969697
0 0.5882829373650108 0.6384943181818182 0.05291576673866091 0.09043560606060606
0 0.4627429805615551 0.5620265151515151 0.10205183585313175 0.17329545454545456
0 0.3840442764578834 0.548532196969697 0.04508639308855292 0.07339015151515152
0 0.2595842332613391 0.44507575757575757 0.05750539956803456 0.11079545454545454
0 0.18655507559395249 0.5679450757575758 0.06965442764578834 0.1141098484848485
0 0.4029427645788337 0.7800662878787878 0.19951403887688987 0.3309659090909091
0 0.5714092872570194 0.5165719696969697 0.05264578833693305 0.09375
0 0.5376619870410367 0.3712121212121212 0.06830453563714903 0.11647727272727273
0 0.4261609071274298 0.35984848484848486 0.056425485961123116 0.10227272727272728
0 0.531182505399568 0.15577651515151517 0.13795896328293739 0.2878787878787879
0 0.47381209503239746 0.2919034090909091 0.0480561555075594 0.09801136363636363
0 0.8705453563714903 0.25426136363636365 0.04130669546436285 0.06723484848484848
0 0.8450323974082073 0.2159090909090909 0.07937365010799137 0.10700757575757576
0 0.7059935205183586 0.20785984848484848 0.2732181425485961 0.41571969696969696
