0 0.3540286013254273 0.3875130798744332 0.129752354377398 0.10952214858737357
0 0.38925706313219394 0.3575165678409487 0.08301360306941054 0.07673526334147192
0 0.46634112312521797 0.47000348796651553 0.09347750261597489 0.10149982560167423
0 0.5094175095919079 0.5066271363794908 0.03732124171607953 0.03453086850366236
0 0.526508545517963 0.4185559818625741 0.0387164283222881 0.03976281827694454
0 0.6049877921171957 0.36832926403906524 0.0959190791768399 0.07394489012905477
0 0.658702476456226 0.40286013254272757 0.05057551447506104 0.0495291245204046
0 0.6485873735612138 0.4370422043948378 0.05197070108126962 0.05231949773282176
0 0.7242762469480293 0.5835367980467387 0.05964422741541681 0.057900244157656086
0 0.6761423090338332 0.5753400767352633 0.030345308685036623 0.033135681897453785
0 0.7725845831880014 0.4497732821764911 0.04115800488315312 0.0387164283222881
0 0.4000697593303104 0.6517265434251831 0.03836763167073596 0.040809208231600974
0 0.24363446110917336 0.519183815835368 0.03732124171607953 0.038018835019183815
0 0.2504359958144402 0.38175793512382283 0.039065224973840254 0.03732124171607953
0 0.8782699686083013 0.6229508196721312 0.04115800488315312 0.04115800488315312
0 0.1988140913847227 0.49965120334844787 0.03487966515521451 0.031042901988140914
0 0.11963725148238577 0.4264039065224974 0.06208580397628183 0.04429717474712243
0 0.17806069061737007 0.5500523194977328 0.033135681897453785 0.027903732124171608
